-0.145188 0.443078 0.13275 119.655720 0 0
-0.093862 0.436711 0.13275 118.604228 0 0
0.122399 0.495443 0.13275 170.850844 0 0
0.091337 0.498684 0.1327 290.151910 0 0
0.264603 0.418769 0.13275 298.242230 0 0
-0.235944 0.419935 0.13275 62.161712 0 0
0.135748 0.504414 0.13275 40.789436 0 0
-0.250770 0.419906 0.13275 303.808868 0 0
-0.200208 0.488607 0.13275 184.357109 0 0
0.108419 0.449887 0.13275 137.183094 0 0
0.217942 0.460303 0.13275 224.500953 0 0
-0.203439 0.422350 0.13275 30.890149 0 0
0.205437 0.440262 0.13275 306.213153 0 0
0.000940 0.390936 0.13275 258.436252 0 0
0.011533 0.466524 0.13275 39.489767 0 0
-0.083706 0.473673 0.13275 82.114563 0 0
-0.215880 0.460187 0.13275 299.988160 0 0
0.111775 0.417223 0.13275 15.156711 0 0
0.286724 0.451241 0.13275 109.719710 0 0
-0.007980 0.407581 0.13275 110.609545 0 0
0.142925 0.431557 0.13275 134.673396 0 0
-0.025873 0.417860 0.13275 338.794893 0 0
0.260845 0.376162 0.13275 183.421458 0 0
-0.143089 0.519847 0.13275 99.111381 0 0
-0.190782 0.508894 0.13275 352.283274 0 0
-0.272231 0.508522 0.13275 18.848865 0 0
-0.289646 0.426160 0.13275 103.919571 0 0
-0.247180 0.440277 0.13275 36.188349 0 0
-0.213684 0.408139 0.13275 117.088340 0 0
-0.241997 0.445336 0.13275 357.345558 0 0
