-0.300000 0.200000  85
-0.275000 0.200000  94
-0.250000 0.200000  94
-0.225000 0.200000  109
-0.200000 0.200000  110
-0.175000 0.200000  111
-0.150000 0.200000  119
-0.125000 0.200000  127
-0.100000 0.200000  132
-0.075000 0.200000  147
-0.050000 0.200000  144
-0.025000 0.200000  147
0.000000 0.200000  152
0.025000 0.200000  166
0.050000 0.200000  161
0.075000 0.200000  167
0.100000 0.200000  164
0.125000 0.200000  165
0.150000 0.200000  179
0.175000 0.200000  177
0.200000 0.200000  188
0.225000 0.200000  180
0.250000 0.200000  187
0.275000 0.200000  187
-0.300000 0.175000  90
-0.275000 0.175000  106
-0.250000 0.175000  104
-0.225000 0.175000  110
-0.200000 0.175000  126
-0.175000 0.175000  125
-0.150000 0.175000  134
-0.125000 0.175000  144
-0.100000 0.175000  146
-0.075000 0.175000  146
-0.050000 0.175000  146
-0.025000 0.175000  157
0.000000 0.175000  161
0.025000 0.175000  170
0.050000 0.175000  173
0.075000 0.175000  180
0.100000 0.175000  182
0.125000 0.175000  178
0.150000 0.175000  192
0.175000 0.175000  199
0.200000 0.175000  197
0.225000 0.175000  211
0.250000 0.175000  200
0.275000 0.175000  200
-0.300000 0.150000  96
-0.275000 0.150000  103
-0.250000 0.150000  113
-0.225000 0.150000  119
-0.200000 0.150000  135
-0.175000 0.150000  135
-0.150000 0.150000  138
-0.125000 0.150000  155
-0.100000 0.150000  154
-0.075000 0.150000  165
-0.050000 0.150000  161
-0.025000 0.150000  163
0.000000 0.150000  180
0.025000 0.150000  182
0.050000 0.150000  182
0.075000 0.150000  191
0.100000 0.150000  197
0.125000 0.150000  206
0.150000 0.150000  206
0.175000 0.150000  205
0.200000 0.150000  218
0.225000 0.150000  215
0.250000 0.150000  219
0.275000 0.150000  231
-0.300000 0.125000  103
-0.275000 0.125000  116
-0.250000 0.125000  130
-0.225000 0.125000  124
-0.200000 0.125000  133
-0.175000 0.125000  148
-0.150000 0.125000  149
-0.125000 0.125000  159
-0.100000 0.125000  161
-0.075000 0.125000  161
-0.050000 0.125000  175
-0.025000 0.125000  183
0.000000 0.125000  189
0.025000 0.125000  185
0.050000 0.125000  202
0.075000 0.125000  207
0.100000 0.125000  220
0.125000 0.125000  226
0.150000 0.125000  235
0.175000 0.125000  232
0.200000 0.125000  232
0.225000 0.125000  229
0.250000 0.125000  244
0.275000 0.125000  242
-0.300000 0.100000  118
-0.275000 0.100000  131
-0.250000 0.100000  122
-0.225000 0.100000  133
-0.200000 0.100000  146
-0.175000 0.100000  150
-0.150000 0.100000  166
-0.125000 0.100000  161
-0.100000 0.100000  182
-0.075000 0.100000  185
-0.050000 0.100000  190
-0.025000 0.100000  189
0.000000 0.100000  209
0.025000 0.100000  215
0.050000 0.100000  211
0.075000 0.100000  236
0.100000 0.100000  234
0.125000 0.100000  243
0.150000 0.100000  247
0.175000 0.100000  255
0.200000 0.100000  271
0.225000 0.100000  275
0.250000 0.100000  265
0.275000 0.100000  274
-0.300000 0.075000  123
-0.275000 0.075000  137
-0.250000 0.075000  141
-0.225000 0.075000  144
-0.200000 0.075000  161
-0.175000 0.075000  163
-0.150000 0.075000  169
-0.125000 0.075000  179
-0.100000 0.075000  182
-0.075000 0.075000  190
-0.050000 0.075000  199
-0.025000 0.075000  214
0.000000 0.075000  232
0.025000 0.075000  242
0.050000 0.075000  233
0.075000 0.075000  251
0.100000 0.075000  253
0.125000 0.075000  260
0.150000 0.075000  274
0.175000 0.075000  267
0.200000 0.075000  267
0.225000 0.075000  278
0.250000 0.075000  279
0.275000 0.075000  271
-0.300000 0.050000  124
-0.275000 0.050000  142
-0.250000 0.050000  149
-0.225000 0.050000  151
-0.200000 0.050000  164
-0.175000 0.050000  169
-0.150000 0.050000  177
-0.125000 0.050000  172
-0.100000 0.050000  202
-0.075000 0.050000  210
-0.050000 0.050000  220
-0.025000 0.050000  229
0.000000 0.050000  241
0.025000 0.050000  249
0.050000 0.050000  261
0.075000 0.050000  275
0.100000 0.050000  266
0.125000 0.050000  273
0.150000 0.050000  290
0.175000 0.050000  279
0.200000 0.050000  278
0.225000 0.050000  277
0.250000 0.050000  263
0.275000 0.050000  274
-0.300000 0.025000  133
-0.275000 0.025000  139
-0.250000 0.025000  158
-0.225000 0.025000  163
-0.200000 0.025000  161
-0.175000 0.025000  178
-0.150000 0.025000  186
-0.125000 0.025000  200
-0.100000 0.025000  212
-0.075000 0.025000  224
-0.050000 0.025000  243
-0.025000 0.025000  252
0.000000 0.025000  248
0.025000 0.025000  279
0.050000 0.025000  276
0.075000 0.025000  284
0.100000 0.025000  275
0.125000 0.025000  283
0.150000 0.025000  276
0.175000 0.025000  277
0.200000 0.025000  278
0.225000 0.025000  281
0.250000 0.025000  276
0.275000 0.025000  267
-0.300000 -0.000000  143
-0.275000 -0.000000  144
-0.250000 -0.000000  177
-0.225000 -0.000000  177
-0.200000 -0.000000  185
-0.175000 -0.000000  188
-0.150000 -0.000000  203
-0.125000 -0.000000  209
-0.100000 -0.000000  217
-0.075000 -0.000000  245
-0.050000 -0.000000  254
-0.025000 -0.000000  266
0.000000 -0.000000  272
0.025000 -0.000000  288
0.050000 -0.000000  296
0.075000 -0.000000  285
0.100000 -0.000000  276
0.125000 -0.000000  287
0.150000 -0.000000  272
0.175000 -0.000000  276
0.200000 -0.000000  270
0.225000 -0.000000  274
0.250000 -0.000000  280
0.275000 -0.000000  270
-0.300000 -0.025000  149
-0.275000 -0.025000  164
-0.250000 -0.025000  170
-0.225000 -0.025000  176
-0.200000 -0.025000  186
-0.175000 -0.025000  202
-0.150000 -0.025000  221
-0.125000 -0.025000  235
-0.100000 -0.025000  235
-0.075000 -0.025000  266
-0.050000 -0.025000  282
-0.025000 -0.025000  280
0.000000 -0.025000  284
0.025000 -0.025000  282
0.050000 -0.025000  280
0.075000 -0.025000  287
0.100000 -0.025000  278
0.125000 -0.025000  274
0.150000 -0.025000  279
0.175000 -0.025000  262
0.200000 -0.025000  271
0.225000 -0.025000  279
0.250000 -0.025000  272
0.275000 -0.025000  266
-0.300000 -0.050000  162
-0.275000 -0.050000  162
-0.250000 -0.050000  173
-0.225000 -0.050000  183
-0.200000 -0.050000  201
-0.175000 -0.050000  212
-0.150000 -0.050000  232
-0.125000 -0.050000  249
-0.100000 -0.050000  275
-0.075000 -0.050000  273
-0.050000 -0.050000  289
-0.025000 -0.050000  285
0.000000 -0.050000  276
0.025000 -0.050000  282
0.050000 -0.050000  285
0.075000 -0.050000  264
0.100000 -0.050000  262
0.125000 -0.050000  282
0.150000 -0.050000  281
0.175000 -0.050000  280
0.200000 -0.050000  274
0.225000 -0.050000  278
0.250000 -0.050000  268
0.275000 -0.050000  264
-0.300000 -0.075000  159
-0.275000 -0.075000  169
-0.250000 -0.075000  186
-0.225000 -0.075000  192
-0.200000 -0.075000  212
-0.175000 -0.075000  235
-0.150000 -0.075000  249
-0.125000 -0.075000  261
-0.100000 -0.075000  283
-0.075000 -0.075000  284
-0.050000 -0.075000  290
-0.025000 -0.075000  290
0.000000 -0.075000  284
0.025000 -0.075000  280
0.050000 -0.075000  269
0.075000 -0.075000  270
0.100000 -0.075000  278
0.125000 -0.075000  266
0.150000 -0.075000  279
0.175000 -0.075000  274
0.200000 -0.075000  275
0.225000 -0.075000  267
0.250000 -0.075000  271
0.275000 -0.075000  266
-0.300000 -0.100000  170
-0.275000 -0.100000  175
-0.250000 -0.100000  191
-0.225000 -0.100000  215
-0.200000 -0.100000  226
-0.175000 -0.100000  240
-0.150000 -0.100000  270
-0.125000 -0.100000  286
-0.100000 -0.100000  296
-0.075000 -0.100000  292
-0.050000 -0.100000  287
-0.025000 -0.100000  292
0.000000 -0.100000  280
0.025000 -0.100000  284
0.050000 -0.100000  275
0.075000 -0.100000  286
0.100000 -0.100000  281
0.125000 -0.100000  278
0.150000 -0.100000  272
0.175000 -0.100000  263
0.200000 -0.100000  271
0.225000 -0.100000  272
0.250000 -0.100000  270
0.275000 -0.100000  265
-0.300000 -0.125000  177
-0.275000 -0.125000  184
-0.250000 -0.125000  210
-0.225000 -0.125000  229
-0.200000 -0.125000  237
-0.175000 -0.125000  263
-0.150000 -0.125000  288
-0.125000 -0.125000  281
-0.100000 -0.125000  274
-0.075000 -0.125000  284
-0.050000 -0.125000  285
-0.025000 -0.125000  284
0.000000 -0.125000  287
0.025000 -0.125000  273
0.050000 -0.125000  273
0.075000 -0.125000  267
0.100000 -0.125000  275
0.125000 -0.125000  265
0.150000 -0.125000  278
0.175000 -0.125000  277
0.200000 -0.125000  267
0.225000 -0.125000  265
0.250000 -0.125000  257
0.275000 -0.125000  267
-0.300000 -0.150000  196
-0.275000 -0.150000  209
-0.250000 -0.150000  212
-0.225000 -0.150000  238
-0.200000 -0.150000  257
-0.175000 -0.150000  290
-0.150000 -0.150000  287
-0.125000 -0.150000  280
-0.100000 -0.150000  284
-0.075000 -0.150000  285
-0.050000 -0.150000  283
-0.025000 -0.150000  285
0.000000 -0.150000  276
0.025000 -0.150000  276
0.050000 -0.150000  283
0.075000 -0.150000  276
0.100000 -0.150000  273
0.125000 -0.150000  273
0.150000 -0.150000  260
0.175000 -0.150000  261
0.200000 -0.150000  259
0.225000 -0.150000  246
0.250000 -0.150000  222
0.275000 -0.150000  236
-0.300000 -0.175000  194
-0.275000 -0.175000  212
-0.250000 -0.175000  233
-0.225000 -0.175000  252
-0.200000 -0.175000  270
-0.175000 -0.175000  287
-0.150000 -0.175000  285
-0.125000 -0.175000  286
-0.100000 -0.175000  286
-0.075000 -0.175000  282
-0.050000 -0.175000  278
-0.025000 -0.175000  279
0.000000 -0.175000  271
0.025000 -0.175000  283
0.050000 -0.175000  282
0.075000 -0.175000  277
0.100000 -0.175000  267
0.125000 -0.175000  265
0.150000 -0.175000  258
0.175000 -0.175000  254
0.200000 -0.175000  237
0.225000 -0.175000  228
0.250000 -0.175000  235
0.275000 -0.175000  228
-0.300000 -0.200000  216
-0.275000 -0.200000  221
-0.250000 -0.200000  240
-0.225000 -0.200000  261
-0.200000 -0.200000  275
-0.175000 -0.200000  279
-0.150000 -0.200000  278
-0.125000 -0.200000  278
-0.100000 -0.200000  270
-0.075000 -0.200000  286
-0.050000 -0.200000  289
-0.025000 -0.200000  283
0.000000 -0.200000  298
0.025000 -0.200000  279
0.050000 -0.200000  273
0.075000 -0.200000  265
0.100000 -0.200000  252
0.125000 -0.200000  234
0.150000 -0.200000  241
0.175000 -0.200000  240
0.200000 -0.200000  234
0.225000 -0.200000  231
0.250000 -0.200000  231
0.275000 -0.200000  237
-0.300000 -0.225000  219
-0.275000 -0.225000  235
-0.250000 -0.225000  262
-0.225000 -0.225000  278
-0.200000 -0.225000  286
-0.175000 -0.225000  292
-0.150000 -0.225000  272
-0.125000 -0.225000  279
-0.100000 -0.225000  279
-0.075000 -0.225000  280
-0.050000 -0.225000  282
-0.025000 -0.225000  279
0.000000 -0.225000  282
0.025000 -0.225000  279
0.050000 -0.225000  265
0.075000 -0.225000  246
0.100000 -0.225000  247
0.125000 -0.225000  246
0.150000 -0.225000  238
0.175000 -0.225000  245
0.200000 -0.225000  245
0.225000 -0.225000  236
0.250000 -0.225000  233
0.275000 -0.225000  218
-0.300000 -0.250000  218
-0.275000 -0.250000  242
-0.250000 -0.250000  268
-0.225000 -0.250000  280
-0.200000 -0.250000  280
-0.175000 -0.250000  283
-0.150000 -0.250000  279
-0.125000 -0.250000  289
-0.100000 -0.250000  281
-0.075000 -0.250000  285
-0.050000 -0.250000  276
-0.025000 -0.250000  269
0.000000 -0.250000  280
0.025000 -0.250000  272
0.050000 -0.250000  253
0.075000 -0.250000  251
0.100000 -0.250000  238
0.125000 -0.250000  239
0.150000 -0.250000  242
0.175000 -0.250000  244
0.200000 -0.250000  242
0.225000 -0.250000  232
0.250000 -0.250000  237
0.275000 -0.250000  231
-0.300000 -0.275000  230
-0.275000 -0.275000  253
-0.250000 -0.275000  279
-0.225000 -0.275000  285
-0.200000 -0.275000  284
-0.175000 -0.275000  276
-0.150000 -0.275000  268
-0.125000 -0.275000  261
-0.100000 -0.275000  281
-0.075000 -0.275000  282
-0.050000 -0.275000  281
-0.025000 -0.275000  274
0.000000 -0.275000  270
0.025000 -0.275000  260
0.050000 -0.275000  244
0.075000 -0.275000  253
0.100000 -0.275000  242
0.125000 -0.275000  244
0.150000 -0.275000  244
0.175000 -0.275000  244
0.200000 -0.275000  243
0.225000 -0.275000  247
0.250000 -0.275000  236
0.275000 -0.275000  235
-0.300000 -0.300000  242
-0.275000 -0.300000  258
-0.250000 -0.300000  264
-0.225000 -0.300000  274
-0.200000 -0.300000  275
-0.175000 -0.300000  285
-0.150000 -0.300000  289
-0.125000 -0.300000  278
-0.100000 -0.300000  280
-0.075000 -0.300000  280
-0.050000 -0.300000  274
-0.025000 -0.300000  274
0.000000 -0.300000  254
0.025000 -0.300000  245
0.050000 -0.300000  239
0.075000 -0.300000  239
-0.300000 -0.325000  248
-0.275000 -0.325000  271
-0.250000 -0.325000  281
-0.225000 -0.325000  275
-0.200000 -0.325000  275
-0.175000 -0.325000  281
-0.150000 -0.325000  283
-0.125000 -0.325000  270
-0.100000 -0.325000  274
-0.075000 -0.325000  280
-0.050000 -0.325000  280
-0.025000 -0.325000  262
0.000000 -0.325000  247
0.025000 -0.325000  240
0.050000 -0.325000  238
0.075000 -0.325000  241
-0.300000 -0.350000  254
-0.275000 -0.350000  284
-0.250000 -0.350000  283
-0.225000 -0.350000  282
-0.200000 -0.350000  269
-0.175000 -0.350000  279
-0.150000 -0.350000  260
-0.125000 -0.350000  276
-0.100000 -0.350000  272
-0.075000 -0.350000  284
-0.050000 -0.350000  265
-0.025000 -0.350000  246
0.000000 -0.350000  244
0.025000 -0.350000  236
0.050000 -0.350000  241
0.075000 -0.350000  251
-0.300000 -0.375000  251
-0.275000 -0.375000  270
-0.250000 -0.375000  282
-0.225000 -0.375000  275
-0.200000 -0.375000  288
-0.175000 -0.375000  278
-0.150000 -0.375000  275
-0.125000 -0.375000  270
-0.100000 -0.375000  264
-0.075000 -0.375000  273
-0.050000 -0.375000  261
-0.025000 -0.375000  237
0.000000 -0.375000  254
0.025000 -0.375000  239
0.050000 -0.375000  242
0.075000 -0.375000  249
-0.300000 -0.400000  264
-0.275000 -0.400000  285
-0.250000 -0.400000  293
-0.225000 -0.400000  267
-0.200000 -0.400000  270
-0.175000 -0.400000  266
-0.150000 -0.400000  270
-0.125000 -0.400000  270
-0.100000 -0.400000  271
-0.075000 -0.400000  259
-0.050000 -0.400000  260
-0.025000 -0.400000  243
0.000000 -0.400000  226
0.025000 -0.400000  234
0.050000 -0.400000  242
0.075000 -0.400000  254
-0.300000 -0.425000  267
-0.275000 -0.425000  280
-0.250000 -0.425000  288
-0.225000 -0.425000  270
-0.200000 -0.425000  281
-0.175000 -0.425000  264
-0.150000 -0.425000  274
-0.125000 -0.425000  266
-0.100000 -0.425000  260
-0.075000 -0.425000  269
-0.050000 -0.425000  241
-0.025000 -0.425000  238
0.000000 -0.425000  234
0.025000 -0.425000  241
0.050000 -0.425000  243
0.075000 -0.425000  248
-0.300000 -0.450000  271
-0.275000 -0.450000  292
-0.250000 -0.450000  269
-0.225000 -0.450000  284
-0.200000 -0.450000  254
-0.175000 -0.450000  280
-0.150000 -0.450000  271
-0.125000 -0.450000  258
-0.100000 -0.450000  268
-0.075000 -0.450000  253
-0.050000 -0.450000  239
-0.025000 -0.450000  232
0.000000 -0.450000  226
0.025000 -0.450000  234
0.050000 -0.450000  237
0.075000 -0.450000  247
-0.300000 -0.475000  264
-0.275000 -0.475000  280
-0.250000 -0.475000  273
-0.225000 -0.475000  291
-0.200000 -0.475000  261
-0.175000 -0.475000  261
-0.150000 -0.475000  264
-0.125000 -0.475000  265
-0.100000 -0.475000  261
-0.075000 -0.475000  247
-0.050000 -0.475000  234
-0.025000 -0.475000  231
0.000000 -0.475000  225
0.025000 -0.475000  228
0.050000 -0.475000  237
0.075000 -0.475000  235
