-0.300000 0.200000  158
-0.275000 0.200000  174
-0.250000 0.200000  177
-0.225000 0.200000  187
-0.200000 0.200000  210
-0.175000 0.200000  232
-0.150000 0.200000  255
-0.125000 0.200000  276
-0.100000 0.200000  295
-0.075000 0.200000  289
-0.050000 0.200000  292
-0.025000 0.200000  288
0.000000 0.200000  280
0.025000 0.200000  282
0.050000 0.200000  280
0.075000 0.200000  273
0.100000 0.200000  285
0.125000 0.200000  272
0.150000 0.200000  277
0.175000 0.200000  282
0.200000 0.200000  281
0.225000 0.200000  272
0.250000 0.200000  268
0.275000 0.200000  261
-0.300000 0.175000  155
-0.275000 0.175000  171
-0.250000 0.175000  183
-0.225000 0.175000  185
-0.200000 0.175000  202
-0.175000 0.175000  220
-0.150000 0.175000  237
-0.125000 0.175000  253
-0.100000 0.175000  284
-0.075000 0.175000  286
-0.050000 0.175000  280
-0.025000 0.175000  284
0.000000 0.175000  276
0.025000 0.175000  289
0.050000 0.175000  293
0.075000 0.175000  276
0.100000 0.175000  278
0.125000 0.175000  276
0.150000 0.175000  281
0.175000 0.175000  281
0.200000 0.175000  283
0.225000 0.175000  281
0.250000 0.175000  280
0.275000 0.175000  286
-0.300000 0.150000  149
-0.275000 0.150000  155
-0.250000 0.150000  180
-0.225000 0.150000  181
-0.200000 0.150000  189
-0.175000 0.150000  205
-0.150000 0.150000  229
-0.125000 0.150000  239
-0.100000 0.150000  251
-0.075000 0.150000  282
-0.050000 0.150000  293
-0.025000 0.150000  284
0.000000 0.150000  271
0.025000 0.150000  293
0.050000 0.150000  288
0.075000 0.150000  284
0.100000 0.150000  282
0.125000 0.150000  274
0.150000 0.150000  275
0.175000 0.150000  276
0.200000 0.150000  271
0.225000 0.150000  277
0.250000 0.150000  277
0.275000 0.150000  274
-0.300000 0.125000  138
-0.275000 0.125000  151
-0.250000 0.125000  158
-0.225000 0.125000  168
-0.200000 0.125000  176
-0.175000 0.125000  185
-0.150000 0.125000  200
-0.125000 0.125000  222
-0.100000 0.125000  227
-0.075000 0.125000  261
-0.050000 0.125000  277
-0.025000 0.125000  295
0.000000 0.125000  293
0.025000 0.125000  283
0.050000 0.125000  293
0.075000 0.125000  271
0.100000 0.125000  295
0.125000 0.125000  277
0.150000 0.125000  272
0.175000 0.125000  289
0.200000 0.125000  279
0.225000 0.125000  261
0.250000 0.125000  293
0.275000 0.125000  266
-0.300000 0.100000  141
-0.275000 0.100000  148
-0.250000 0.100000  152
-0.225000 0.100000  157
-0.200000 0.100000  181
-0.175000 0.100000  189
-0.150000 0.100000  190
-0.125000 0.100000  202
-0.100000 0.100000  221
-0.075000 0.100000  241
-0.050000 0.100000  256
-0.025000 0.100000  282
0.000000 0.100000  295
0.025000 0.100000  287
0.050000 0.100000  287
0.075000 0.100000  301
0.100000 0.100000  287
0.125000 0.100000  288
0.150000 0.100000  284
0.175000 0.100000  266
0.200000 0.100000  283
0.225000 0.100000  281
0.250000 0.100000  274
0.275000 0.100000  279
-0.300000 0.075000  129
-0.275000 0.075000  140
-0.250000 0.075000  153
-0.225000 0.075000  156
-0.200000 0.075000  158
-0.175000 0.075000  176
-0.150000 0.075000  175
-0.125000 0.075000  192
-0.100000 0.075000  212
-0.075000 0.075000  219
-0.050000 0.075000  239
-0.025000 0.075000  252
0.000000 0.075000  266
0.025000 0.075000  292
0.050000 0.075000  295
0.075000 0.075000  283
0.100000 0.075000  288
0.125000 0.075000  273
0.150000 0.075000  270
0.175000 0.075000  286
0.200000 0.075000  286
0.225000 0.075000  273
0.250000 0.075000  281
0.275000 0.075000  275
-0.300000 0.050000  129
-0.275000 0.050000  137
-0.250000 0.050000  137
-0.225000 0.050000  145
-0.200000 0.050000  163
-0.175000 0.050000  167
-0.150000 0.050000  166
-0.125000 0.050000  183
-0.100000 0.050000  197
-0.075000 0.050000  207
-0.050000 0.050000  219
-0.025000 0.050000  242
0.000000 0.050000  239
0.025000 0.050000  263
0.050000 0.050000  276
0.075000 0.050000  286
0.100000 0.050000  290
0.125000 0.050000  287
0.150000 0.050000  280
0.175000 0.050000  288
0.200000 0.050000  283
0.225000 0.050000  284
0.250000 0.050000  274
0.275000 0.050000  276
-0.300000 0.025000  116
-0.275000 0.025000  125
-0.250000 0.025000  128
-0.225000 0.025000  142
-0.200000 0.025000  145
-0.175000 0.025000  159
-0.150000 0.025000  151
-0.125000 0.025000  166
-0.100000 0.025000  176
-0.075000 0.025000  197
-0.050000 0.025000  211
-0.025000 0.025000  208
0.000000 0.025000  227
0.025000 0.025000  229
0.050000 0.025000  252
0.075000 0.025000  268
0.100000 0.025000  267
0.125000 0.025000  276
0.150000 0.025000  289
0.175000 0.025000  292
0.200000 0.025000  283
0.225000 0.025000  274
0.250000 0.025000  280
0.275000 0.025000  283
-0.300000 -0.000000  106
-0.275000 -0.000000  115
-0.250000 -0.000000  128
-0.225000 -0.000000  125
-0.200000 -0.000000  140
-0.175000 -0.000000  146
-0.150000 -0.000000  163
-0.125000 -0.000000  163
-0.100000 -0.000000  179
-0.075000 -0.000000  182
-0.050000 -0.000000  191
-0.025000 -0.000000  198
0.000000 -0.000000  211
0.025000 -0.000000  220
0.050000 -0.000000  225
0.075000 -0.000000  238
0.100000 -0.000000  247
0.125000 -0.000000  257
0.150000 -0.000000  271
0.175000 -0.000000  287
0.200000 -0.000000  285
0.225000 -0.000000  282
0.250000 -0.000000  271
0.275000 -0.000000  284
-0.300000 -0.025000  98
-0.275000 -0.025000  112
-0.250000 -0.025000  117
-0.225000 -0.025000  118
-0.200000 -0.025000  138
-0.175000 -0.025000  139
-0.150000 -0.025000  147
-0.125000 -0.025000  155
-0.100000 -0.025000  168
-0.075000 -0.025000  168
-0.050000 -0.025000  181
-0.025000 -0.025000  179
0.000000 -0.025000  193
0.025000 -0.025000  210
0.050000 -0.025000  210
0.075000 -0.025000  227
0.100000 -0.025000  229
0.125000 -0.025000  241
0.150000 -0.025000  253
0.175000 -0.025000  264
0.200000 -0.025000  259
0.225000 -0.025000  276
0.250000 -0.025000  277
0.275000 -0.025000  274
-0.300000 -0.050000  99
-0.275000 -0.050000  105
-0.250000 -0.050000  109
-0.225000 -0.050000  117
-0.200000 -0.050000  138
-0.175000 -0.050000  128
-0.150000 -0.050000  144
-0.125000 -0.050000  148
-0.100000 -0.050000  154
-0.075000 -0.050000  163
-0.050000 -0.050000  173
-0.025000 -0.050000  164
0.000000 -0.050000  186
0.025000 -0.050000  195
0.050000 -0.050000  193
0.075000 -0.050000  206
0.100000 -0.050000  214
0.125000 -0.050000  219
0.150000 -0.050000  232
0.175000 -0.050000  232
0.200000 -0.050000  236
0.225000 -0.050000  241
0.250000 -0.050000  252
0.275000 -0.050000  245
-0.300000 -0.075000  95
-0.275000 -0.075000  91
-0.250000 -0.075000  107
-0.225000 -0.075000  111
-0.200000 -0.075000  115
-0.175000 -0.075000  124
-0.150000 -0.075000  128
-0.125000 -0.075000  134
-0.100000 -0.075000  145
-0.075000 -0.075000  152
-0.050000 -0.075000  160
-0.025000 -0.075000  169
0.000000 -0.075000  171
0.025000 -0.075000  178
0.050000 -0.075000  188
0.075000 -0.075000  183
0.100000 -0.075000  194
0.125000 -0.075000  192
0.150000 -0.075000  207
0.175000 -0.075000  215
0.200000 -0.075000  216
0.225000 -0.075000  224
0.250000 -0.075000  226
0.275000 -0.075000  234
-0.300000 -0.100000  76
-0.275000 -0.100000  80
-0.250000 -0.100000  91
-0.225000 -0.100000  100
-0.200000 -0.100000  107
-0.175000 -0.100000  116
-0.150000 -0.100000  118
-0.125000 -0.100000  125
-0.100000 -0.100000  135
-0.075000 -0.100000  142
-0.050000 -0.100000  148
-0.025000 -0.100000  152
0.000000 -0.100000  161
0.025000 -0.100000  162
0.050000 -0.100000  173
0.075000 -0.100000  178
0.100000 -0.100000  188
0.125000 -0.100000  187
0.150000 -0.100000  195
0.175000 -0.100000  198
0.200000 -0.100000  198
0.225000 -0.100000  206
0.250000 -0.100000  205
0.275000 -0.100000  216
-0.300000 -0.125000  74
-0.275000 -0.125000  81
-0.250000 -0.125000  89
-0.225000 -0.125000  99
-0.200000 -0.125000  108
-0.175000 -0.125000  108
-0.150000 -0.125000  122
-0.125000 -0.125000  125
-0.100000 -0.125000  129
-0.075000 -0.125000  134
-0.050000 -0.125000  134
-0.025000 -0.125000  144
0.000000 -0.125000  150
0.025000 -0.125000  156
0.050000 -0.125000  156
0.075000 -0.125000  166
0.100000 -0.125000  168
0.125000 -0.125000  180
0.150000 -0.125000  178
0.175000 -0.125000  185
0.200000 -0.125000  186
0.225000 -0.125000  188
0.250000 -0.125000  195
0.275000 -0.125000  201
-0.300000 -0.150000  64
-0.275000 -0.150000  74
-0.250000 -0.150000  78
-0.225000 -0.150000  88
-0.200000 -0.150000  88
-0.175000 -0.150000  100
-0.150000 -0.150000  109
-0.125000 -0.150000  114
-0.100000 -0.150000  113
-0.075000 -0.150000  123
-0.050000 -0.150000  129
-0.025000 -0.150000  142
0.000000 -0.150000  142
0.025000 -0.150000  149
0.050000 -0.150000  151
0.075000 -0.150000  153
0.100000 -0.150000  166
0.125000 -0.150000  165
0.150000 -0.150000  170
0.175000 -0.150000  175
0.200000 -0.150000  174
0.225000 -0.150000  177
0.250000 -0.150000  174
0.275000 -0.150000  174
-0.300000 -0.175000  50
-0.275000 -0.175000  61
-0.250000 -0.175000  70
-0.225000 -0.175000  74
-0.200000 -0.175000  78
-0.175000 -0.175000  90
-0.150000 -0.175000  100
-0.125000 -0.175000  104
-0.100000 -0.175000  112
-0.075000 -0.175000  115
-0.050000 -0.175000  117
-0.025000 -0.175000  122
0.000000 -0.175000  132
0.025000 -0.175000  129
0.050000 -0.175000  145
0.075000 -0.175000  147
0.100000 -0.175000  145
0.125000 -0.175000  151
0.150000 -0.175000  152
0.175000 -0.175000  161
0.200000 -0.175000  164
0.225000 -0.175000  165
0.250000 -0.175000  168
0.275000 -0.175000  167
-0.300000 -0.200000  46
-0.275000 -0.200000  55
-0.250000 -0.200000  59
-0.225000 -0.200000  60
-0.200000 -0.200000  75
-0.175000 -0.200000  75
-0.150000 -0.200000  95
-0.125000 -0.200000  95
-0.100000 -0.200000  99
-0.075000 -0.200000  110
-0.050000 -0.200000  109
-0.025000 -0.200000  110
0.000000 -0.200000  121
0.025000 -0.200000  123
0.050000 -0.200000  126
0.075000 -0.200000  134
0.100000 -0.200000  133
0.125000 -0.200000  143
0.150000 -0.200000  143
0.175000 -0.200000  147
0.200000 -0.200000  153
0.225000 -0.200000  151
0.250000 -0.200000  156
0.275000 -0.200000  161
-0.300000 -0.225000  32
-0.275000 -0.225000  38
-0.250000 -0.225000  46
-0.225000 -0.225000  64
-0.200000 -0.225000  67
-0.175000 -0.225000  67
-0.150000 -0.225000  76
-0.125000 -0.225000  87
-0.100000 -0.225000  95
-0.075000 -0.225000  94
-0.050000 -0.225000  102
-0.025000 -0.225000  102
0.000000 -0.225000  109
0.025000 -0.225000  107
0.050000 -0.225000  120
0.075000 -0.225000  121
0.100000 -0.225000  121
0.125000 -0.225000  132
0.150000 -0.225000  129
0.175000 -0.225000  142
0.200000 -0.225000  137
0.225000 -0.225000  133
0.250000 -0.225000  145
0.275000 -0.225000  147
-0.300000 -0.250000  8
-0.275000 -0.250000  23
-0.250000 -0.250000  36
-0.225000 -0.250000  49
-0.200000 -0.250000  57
-0.175000 -0.250000  65
-0.150000 -0.250000  65
-0.125000 -0.250000  79
-0.100000 -0.250000  84
-0.075000 -0.250000  80
-0.050000 -0.250000  99
-0.025000 -0.250000  103
0.000000 -0.250000  100
0.025000 -0.250000  100
0.050000 -0.250000  112
0.075000 -0.250000  111
0.100000 -0.250000  119
0.125000 -0.250000  120
0.150000 -0.250000  121
0.175000 -0.250000  116
0.200000 -0.250000  133
0.225000 -0.250000  125
0.250000 -0.250000  137
0.275000 -0.250000  133
-0.300000 -0.275000  0
-0.275000 -0.275000  7
-0.250000 -0.275000  25
-0.225000 -0.275000  37
-0.200000 -0.275000  40
-0.175000 -0.275000  50
-0.150000 -0.275000  57
-0.125000 -0.275000  67
-0.100000 -0.275000  68
-0.075000 -0.275000  79
-0.050000 -0.275000  79
-0.025000 -0.275000  87
0.000000 -0.275000  92
0.025000 -0.275000  98
0.050000 -0.275000  94
0.075000 -0.275000  104
0.100000 -0.275000  100
0.125000 -0.275000  107
0.150000 -0.275000  114
0.175000 -0.275000  121
0.200000 -0.275000  120
0.225000 -0.275000  115
0.250000 -0.275000  121
0.275000 -0.275000  126
-0.300000 -0.300000  0
-0.275000 -0.300000  0
-0.250000 -0.300000  1
-0.225000 -0.300000  16
-0.200000 -0.300000  25
-0.175000 -0.300000  38
-0.150000 -0.300000  50
-0.125000 -0.300000  53
-0.100000 -0.300000  61
-0.075000 -0.300000  70
-0.050000 -0.300000  76
-0.025000 -0.300000  74
0.000000 -0.300000  80
0.025000 -0.300000  85
0.050000 -0.300000  92
0.075000 -0.300000  94
-0.300000 -0.325000  0
-0.275000 -0.325000  0
-0.250000 -0.325000  0
-0.225000 -0.325000  0
-0.200000 -0.325000  11
-0.175000 -0.325000  21
-0.150000 -0.325000  33
-0.125000 -0.325000  41
-0.100000 -0.325000  51
-0.075000 -0.325000  55
-0.050000 -0.325000  60
-0.025000 -0.325000  68
0.000000 -0.325000  70
0.025000 -0.325000  72
0.050000 -0.325000  71
0.075000 -0.325000  89
-0.300000 -0.350000  0
-0.275000 -0.350000  0
-0.250000 -0.350000  0
-0.225000 -0.350000  0
-0.200000 -0.350000  0
-0.175000 -0.350000  0
-0.150000 -0.350000  14
-0.125000 -0.350000  26
-0.100000 -0.350000  33
-0.075000 -0.350000  49
-0.050000 -0.350000  48
-0.025000 -0.350000  48
0.000000 -0.350000  52
0.025000 -0.350000  60
0.050000 -0.350000  70
0.075000 -0.350000  78
-0.300000 -0.375000  0
-0.275000 -0.375000  0
-0.250000 -0.375000  0
-0.225000 -0.375000  0
-0.200000 -0.375000  0
-0.175000 -0.375000  0
-0.150000 -0.375000  0
-0.125000 -0.375000  3
-0.100000 -0.375000  12
-0.075000 -0.375000  23
-0.050000 -0.375000  33
-0.025000 -0.375000  36
0.000000 -0.375000  44
0.025000 -0.375000  51
0.050000 -0.375000  51
0.075000 -0.375000  57
-0.300000 -0.400000  0
-0.275000 -0.400000  0
-0.250000 -0.400000  0
-0.225000 -0.400000  0
-0.200000 -0.400000  0
-0.175000 -0.400000  0
-0.150000 -0.400000  0
-0.125000 -0.400000  0
-0.100000 -0.400000  0
-0.075000 -0.400000  1
-0.050000 -0.400000  12
-0.025000 -0.400000  23
0.000000 -0.400000  26
0.025000 -0.400000  38
0.050000 -0.400000  36
0.075000 -0.400000  44
-0.300000 -0.425000  0
-0.275000 -0.425000  0
-0.250000 -0.425000  0
-0.225000 -0.425000  0
-0.200000 -0.425000  0
-0.175000 -0.425000  0
-0.150000 -0.425000  0
-0.125000 -0.425000  0
-0.100000 -0.425000  0
-0.075000 -0.425000  0
-0.050000 -0.425000  0
-0.025000 -0.425000  0
0.000000 -0.425000  10
0.025000 -0.425000  16
0.050000 -0.425000  21
0.075000 -0.425000  28
-0.300000 -0.450000  0
-0.275000 -0.450000  0
-0.250000 -0.450000  0
-0.225000 -0.450000  0
-0.200000 -0.450000  0
-0.175000 -0.450000  0
-0.150000 -0.450000  0
-0.125000 -0.450000  0
-0.100000 -0.450000  0
-0.075000 -0.450000  0
-0.050000 -0.450000  0
-0.025000 -0.450000  0
0.000000 -0.450000  0
0.025000 -0.450000  0
0.050000 -0.450000  0
0.075000 -0.450000  10
-0.300000 -0.475000  0
-0.275000 -0.475000  0
-0.250000 -0.475000  0
-0.225000 -0.475000  0
-0.200000 -0.475000  0
-0.175000 -0.475000  0
-0.150000 -0.475000  0
-0.125000 -0.475000  0
-0.100000 -0.475000  0
-0.075000 -0.475000  0
-0.050000 -0.475000  0
-0.025000 -0.475000  0
0.000000 -0.475000  0
0.025000 -0.475000  0
0.050000 -0.475000  0
0.075000 -0.475000  0
