-0.300000 0.200000  758
-0.280000 0.200000  765
-0.260000 0.200000  789
-0.240000 0.200000  791
-0.220000 0.200000  812
-0.200000 0.200000  813
-0.180000 0.200000  858
-0.160000 0.200000  867
-0.140000 0.200000  888
-0.120000 0.200000  893
-0.100000 0.200000  892
-0.080000 0.200000  904
-0.060000 0.200000  887
-0.040000 0.200000  914
-0.020000 0.200000  914
-0.000000 0.200000  907
0.020000 0.200000  909
0.040000 0.200000  912
0.060000 0.200000  917
0.080000 0.200000  945
0.100000 0.200000  918
0.120000 0.200000  923
0.140000 0.200000  898
0.160000 0.200000  921
0.180000 0.200000  894
0.200000 0.200000  887
0.220000 0.200000  870
0.240000 0.200000  856
0.260000 0.200000  863
0.280000 0.200000  870
-0.300000 0.180000  770
-0.280000 0.180000  768
-0.260000 0.180000  803
-0.240000 0.180000  814
-0.220000 0.180000  817
-0.200000 0.180000  820
-0.180000 0.180000  846
-0.160000 0.180000  879
-0.140000 0.180000  907
-0.120000 0.180000  907
-0.100000 0.180000  917
-0.080000 0.180000  901
-0.060000 0.180000  900
-0.040000 0.180000  922
-0.020000 0.180000  931
-0.000000 0.180000  918
0.020000 0.180000  921
0.040000 0.180000  897
0.060000 0.180000  940
0.080000 0.180000  917
0.100000 0.180000  946
0.120000 0.180000  951
0.140000 0.180000  925
0.160000 0.180000  911
0.180000 0.180000  925
0.200000 0.180000  887
0.220000 0.180000  898
0.240000 0.180000  897
0.260000 0.180000  886
0.280000 0.180000  881
-0.300000 0.160000  758
-0.280000 0.160000  766
-0.260000 0.160000  782
-0.240000 0.160000  816
-0.220000 0.160000  837
-0.200000 0.160000  851
-0.180000 0.160000  874
-0.160000 0.160000  888
-0.140000 0.160000  884
-0.120000 0.160000  928
-0.100000 0.160000  926
-0.080000 0.160000  933
-0.060000 0.160000  938
-0.040000 0.160000  927
-0.020000 0.160000  951
-0.000000 0.160000  914
0.020000 0.160000  936
0.040000 0.160000  947
0.060000 0.160000  959
0.080000 0.160000  944
0.100000 0.160000  959
0.120000 0.160000  967
0.140000 0.160000  976
0.160000 0.160000  963
0.180000 0.160000  944
0.200000 0.160000  913
0.220000 0.160000  896
0.240000 0.160000  905
0.260000 0.160000  899
0.280000 0.160000  889
-0.300000 0.140000  778
-0.280000 0.140000  797
-0.260000 0.140000  798
-0.240000 0.140000  831
-0.220000 0.140000  864
-0.200000 0.140000  876
-0.180000 0.140000  876
-0.160000 0.140000  917
-0.140000 0.140000  926
-0.120000 0.140000  923
-0.100000 0.140000  936
-0.080000 0.140000  931
-0.060000 0.140000  922
-0.040000 0.140000  952
-0.020000 0.140000  929
-0.000000 0.140000  947
0.020000 0.140000  957
0.040000 0.140000  937
0.060000 0.140000  954
0.080000 0.140000  980
0.100000 0.140000  968
0.120000 0.140000  993
0.140000 0.140000  992
0.160000 0.140000  999
0.180000 0.140000  961
0.200000 0.140000  950
0.220000 0.140000  935
0.240000 0.140000  932
0.260000 0.140000  896
0.280000 0.140000  903
-0.300000 0.120000  794
-0.280000 0.120000  803
-0.260000 0.120000  841
-0.240000 0.120000  849
-0.220000 0.120000  867
-0.200000 0.120000  882
-0.180000 0.120000  899
-0.160000 0.120000  933
-0.140000 0.120000  934
-0.120000 0.120000  952
-0.100000 0.120000  973
-0.080000 0.120000  953
-0.060000 0.120000  968
-0.040000 0.120000  959
-0.020000 0.120000  966
-0.000000 0.120000  956
0.020000 0.120000  960
0.040000 0.120000  968
0.060000 0.120000  998
0.080000 0.120000  996
0.100000 0.120000  1039
0.120000 0.120000  1027
0.140000 0.120000  1021
0.160000 0.120000  1019
0.180000 0.120000  1004
0.200000 0.120000  967
0.220000 0.120000  963
0.240000 0.120000  938
0.260000 0.120000  957
0.280000 0.120000  926
-0.300000 0.100000  806
-0.280000 0.100000  825
-0.260000 0.100000  823
-0.240000 0.100000  865
-0.220000 0.100000  858
-0.200000 0.100000  887
-0.180000 0.100000  916
-0.160000 0.100000  940
-0.140000 0.100000  941
-0.120000 0.100000  959
-0.100000 0.100000  967
-0.080000 0.100000  997
-0.060000 0.100000  997
-0.040000 0.100000  970
-0.020000 0.100000  1012
-0.000000 0.100000  988
0.020000 0.100000  989
0.040000 0.100000  1023
0.060000 0.100000  1018
0.080000 0.100000  1050
0.100000 0.100000  1037
0.120000 0.100000  1037
0.140000 0.100000  1007
0.160000 0.100000  1005
0.180000 0.100000  996
0.200000 0.100000  993
0.220000 0.100000  992
0.240000 0.100000  981
0.260000 0.100000  958
0.280000 0.100000  965
-0.300000 0.080000  815
-0.280000 0.080000  828
-0.260000 0.080000  820
-0.240000 0.080000  855
-0.220000 0.080000  815
-0.200000 0.080000  871
-0.180000 0.080000  897
-0.160000 0.080000  937
-0.140000 0.080000  941
-0.120000 0.080000  949
-0.100000 0.080000  979
-0.080000 0.080000  997
-0.060000 0.080000  1008
-0.040000 0.080000  1032
-0.020000 0.080000  1049
-0.000000 0.080000  1028
0.020000 0.080000  1049
0.040000 0.080000  1020
0.060000 0.080000  1026
0.080000 0.080000  1063
0.100000 0.080000  1047
0.120000 0.080000  1020
0.140000 0.080000  1034
0.160000 0.080000  1012
0.180000 0.080000  1022
0.200000 0.080000  1002
0.220000 0.080000  984
0.240000 0.080000  974
0.260000 0.080000  987
0.280000 0.080000  949
-0.300000 0.060000  809
-0.280000 0.060000  817
-0.260000 0.060000  831
-0.240000 0.060000  845
-0.220000 0.060000  868
-0.200000 0.060000  886
-0.180000 0.060000  901
-0.160000 0.060000  902
-0.140000 0.060000  935
-0.120000 0.060000  943
-0.100000 0.060000  968
-0.080000 0.060000  981
-0.060000 0.060000  1040
-0.040000 0.060000  1042
-0.020000 0.060000  1034
-0.000000 0.060000  1040
0.020000 0.060000  1054
0.040000 0.060000  1067
0.060000 0.060000  1059
0.080000 0.060000  1077
0.100000 0.060000  1032
0.120000 0.060000  1041
0.140000 0.060000  1016
0.160000 0.060000  1030
0.180000 0.060000  1032
0.200000 0.060000  985
0.220000 0.060000  990
0.240000 0.060000  955
0.260000 0.060000  948
0.280000 0.060000  969
-0.300000 0.040000  821
-0.280000 0.040000  829
-0.260000 0.040000  844
-0.240000 0.040000  855
-0.220000 0.040000  891
-0.200000 0.040000  875
-0.180000 0.040000  906
-0.160000 0.040000  897
-0.140000 0.040000  928
-0.120000 0.040000  951
-0.100000 0.040000  957
-0.080000 0.040000  982
-0.060000 0.040000  1017
-0.040000 0.040000  1058
-0.020000 0.040000  1067
-0.000000 0.040000  1073
0.020000 0.040000  1066
0.040000 0.040000  1067
0.060000 0.040000  1074
0.080000 0.040000  1070
0.100000 0.040000  1047
0.120000 0.040000  1041
0.140000 0.040000  1035
0.160000 0.040000  994
0.180000 0.040000  991
0.200000 0.040000  993
0.220000 0.040000  982
0.240000 0.040000  979
0.260000 0.040000  955
0.280000 0.040000  942
-0.300000 0.020000  808
-0.280000 0.020000  825
-0.260000 0.020000  843
-0.240000 0.020000  853
-0.220000 0.020000  876
-0.200000 0.020000  868
-0.180000 0.020000  878
-0.160000 0.020000  913
-0.140000 0.020000  937
-0.120000 0.020000  932
-0.100000 0.020000  992
-0.080000 0.020000  986
-0.060000 0.020000  1016
-0.040000 0.020000  1032
-0.020000 0.020000  1050
-0.000000 0.020000  1082
0.020000 0.020000  1104
0.040000 0.020000  1083
0.060000 0.020000  1057
0.080000 0.020000  1065
0.100000 0.020000  1027
0.120000 0.020000  1005
0.140000 0.020000  1014
0.160000 0.020000  1032
0.180000 0.020000  984
0.200000 0.020000  965
0.220000 0.020000  950
0.240000 0.020000  991
0.260000 0.020000  968
0.280000 0.020000  986
-0.300000 0.000000  816
-0.280000 0.000000  843
-0.260000 0.000000  839
-0.240000 0.000000  872
-0.220000 0.000000  876
-0.200000 0.000000  875
-0.180000 0.000000  887
-0.160000 0.000000  952
-0.140000 0.000000  935
-0.120000 0.000000  968
-0.100000 0.000000  996
-0.080000 0.000000  1002
-0.060000 0.000000  1033
-0.040000 0.000000  1053
-0.020000 0.000000  1071
-0.000000 0.000000  1081
0.020000 0.000000  1094
0.040000 0.000000  1074
0.060000 0.000000  1052
0.080000 0.000000  1043
0.100000 0.000000  1008
0.120000 0.000000  1007
0.140000 0.000000  1023
0.160000 0.000000  979
0.180000 0.000000  988
0.200000 0.000000  1007
0.220000 0.000000  978
0.240000 0.000000  956
0.260000 0.000000  958
0.280000 0.000000  971
-0.300000 -0.020000  833
-0.280000 -0.020000  847
-0.260000 -0.020000  857
-0.240000 -0.020000  870
-0.220000 -0.020000  879
-0.200000 -0.020000  906
-0.180000 -0.020000  880
-0.160000 -0.020000  929
-0.140000 -0.020000  967
-0.120000 -0.020000  983
-0.100000 -0.020000  954
-0.080000 -0.020000  989
-0.060000 -0.020000  1033
-0.040000 -0.020000  1053
-0.020000 -0.020000  1048
-0.000000 -0.020000  1055
0.020000 -0.020000  1046
0.040000 -0.020000  1070
0.060000 -0.020000  1039
0.080000 -0.020000  1058
0.100000 -0.020000  1024
0.120000 -0.020000  1005
0.140000 -0.020000  988
0.160000 -0.020000  1011
0.180000 -0.020000  991
0.200000 -0.020000  953
0.220000 -0.020000  1008
0.240000 -0.020000  930
0.260000 -0.020000  958
0.280000 -0.020000  940
-0.300000 -0.040000  819
-0.280000 -0.040000  837
-0.260000 -0.040000  859
-0.240000 -0.040000  866
-0.220000 -0.040000  886
-0.200000 -0.040000  895
-0.180000 -0.040000  901
-0.160000 -0.040000  932
-0.140000 -0.040000  972
-0.120000 -0.040000  964
-0.100000 -0.040000  974
-0.080000 -0.040000  1019
-0.060000 -0.040000  1049
-0.040000 -0.040000  1046
-0.020000 -0.040000  1047
-0.000000 -0.040000  1057
0.020000 -0.040000  1020
0.040000 -0.040000  1012
0.060000 -0.040000  1033
0.080000 -0.040000  1009
0.100000 -0.040000  1001
0.120000 -0.040000  1003
0.140000 -0.040000  996
0.160000 -0.040000  976
0.180000 -0.040000  984
0.200000 -0.040000  959
0.220000 -0.040000  962
0.240000 -0.040000  955
0.260000 -0.040000  964
0.280000 -0.040000  962
-0.300000 -0.060000  816
-0.280000 -0.060000  825
-0.260000 -0.060000  879
-0.240000 -0.060000  855
-0.220000 -0.060000  876
-0.200000 -0.060000  888
-0.180000 -0.060000  901
-0.160000 -0.060000  939
-0.140000 -0.060000  942
-0.120000 -0.060000  999
-0.100000 -0.060000  995
-0.080000 -0.060000  1005
-0.060000 -0.060000  1000
-0.040000 -0.060000  1006
-0.020000 -0.060000  982
-0.000000 -0.060000  1008
0.020000 -0.060000  997
0.040000 -0.060000  1010
0.060000 -0.060000  986
0.080000 -0.060000  997
0.100000 -0.060000  1002
0.120000 -0.060000  977
0.140000 -0.060000  993
0.160000 -0.060000  1000
0.180000 -0.060000  958
0.200000 -0.060000  952
0.220000 -0.060000  950
0.240000 -0.060000  939
0.260000 -0.060000  937
0.280000 -0.060000  908
-0.300000 -0.080000  795
-0.280000 -0.080000  805
-0.260000 -0.080000  850
-0.240000 -0.080000  868
-0.220000 -0.080000  888
-0.200000 -0.080000  920
-0.180000 -0.080000  929
-0.160000 -0.080000  951
-0.140000 -0.080000  968
-0.120000 -0.080000  993
-0.100000 -0.080000  986
-0.080000 -0.080000  985
-0.060000 -0.080000  979
-0.040000 -0.080000  961
-0.020000 -0.080000  978
-0.000000 -0.080000  972
0.020000 -0.080000  965
0.040000 -0.080000  979
0.060000 -0.080000  954
0.080000 -0.080000  947
0.100000 -0.080000  978
0.120000 -0.080000  970
0.140000 -0.080000  988
0.160000 -0.080000  971
0.180000 -0.080000  980
0.200000 -0.080000  967
0.220000 -0.080000  953
0.240000 -0.080000  924
0.260000 -0.080000  915
0.280000 -0.080000  900
-0.300000 -0.100000  774
-0.280000 -0.100000  793
-0.260000 -0.100000  830
-0.240000 -0.100000  832
-0.220000 -0.100000  880
-0.200000 -0.100000  908
-0.180000 -0.100000  921
-0.160000 -0.100000  938
-0.140000 -0.100000  957
-0.120000 -0.100000  949
-0.100000 -0.100000  942
-0.080000 -0.100000  945
-0.060000 -0.100000  955
-0.040000 -0.100000  950
-0.020000 -0.100000  948
-0.000000 -0.100000  932
0.020000 -0.100000  957
0.040000 -0.100000  961
0.060000 -0.100000  941
0.080000 -0.100000  952
0.100000 -0.100000  933
0.120000 -0.100000  966
0.140000 -0.100000  930
0.160000 -0.100000  930
0.180000 -0.100000  946
0.200000 -0.100000  937
0.220000 -0.100000  930
0.240000 -0.100000  925
0.260000 -0.100000  895
0.280000 -0.100000  886
-0.300000 -0.120000  762
-0.280000 -0.120000  762
-0.260000 -0.120000  778
-0.240000 -0.120000  827
-0.220000 -0.120000  833
-0.200000 -0.120000  868
-0.180000 -0.120000  888
-0.160000 -0.120000  890
-0.140000 -0.120000  921
-0.120000 -0.120000  936
-0.100000 -0.120000  927
-0.080000 -0.120000  927
-0.060000 -0.120000  919
-0.040000 -0.120000  931
-0.020000 -0.120000  934
-0.000000 -0.120000  927
0.020000 -0.120000  933
0.040000 -0.120000  922
0.060000 -0.120000  947
0.080000 -0.120000  925
0.100000 -0.120000  917
0.120000 -0.120000  920
0.140000 -0.120000  900
0.160000 -0.120000  895
0.180000 -0.120000  875
0.200000 -0.120000  893
0.220000 -0.120000  889
0.240000 -0.120000  870
0.260000 -0.120000  863
0.280000 -0.120000  864
-0.300000 -0.140000  714
-0.280000 -0.140000  742
-0.260000 -0.140000  768
-0.240000 -0.140000  782
-0.220000 -0.140000  812
-0.200000 -0.140000  835
-0.180000 -0.140000  849
-0.160000 -0.140000  876
-0.140000 -0.140000  893
-0.120000 -0.140000  884
-0.100000 -0.140000  896
-0.080000 -0.140000  878
-0.060000 -0.140000  895
-0.040000 -0.140000  878
-0.020000 -0.140000  877
-0.000000 -0.140000  881
0.020000 -0.140000  878
0.040000 -0.140000  880
0.060000 -0.140000  898
0.080000 -0.140000  875
0.100000 -0.140000  876
0.120000 -0.140000  876
0.140000 -0.140000  851
0.160000 -0.140000  850
0.180000 -0.140000  845
0.200000 -0.140000  860
0.220000 -0.140000  834
0.240000 -0.140000  808
0.260000 -0.140000  811
0.280000 -0.140000  791
-0.300000 -0.160000  692
-0.280000 -0.160000  718
-0.260000 -0.160000  747
-0.240000 -0.160000  772
-0.220000 -0.160000  785
-0.200000 -0.160000  799
-0.180000 -0.160000  829
-0.160000 -0.160000  837
-0.140000 -0.160000  862
-0.120000 -0.160000  855
-0.100000 -0.160000  858
-0.080000 -0.160000  849
-0.060000 -0.160000  842
-0.040000 -0.160000  860
-0.020000 -0.160000  854
-0.000000 -0.160000  840
0.020000 -0.160000  872
0.040000 -0.160000  847
0.060000 -0.160000  847
0.080000 -0.160000  840
0.100000 -0.160000  854
0.120000 -0.160000  842
0.140000 -0.160000  833
0.160000 -0.160000  792
0.180000 -0.160000  784
0.200000 -0.160000  792
0.220000 -0.160000  771
0.240000 -0.160000  761
0.260000 -0.160000  779
0.280000 -0.160000  730
-0.300000 -0.180000  653
-0.280000 -0.180000  693
-0.260000 -0.180000  717
-0.240000 -0.180000  735
-0.220000 -0.180000  748
-0.200000 -0.180000  777
-0.180000 -0.180000  786
-0.160000 -0.180000  804
-0.140000 -0.180000  807
-0.120000 -0.180000  799
-0.100000 -0.180000  825
-0.080000 -0.180000  816
-0.060000 -0.180000  795
-0.040000 -0.180000  834
-0.020000 -0.180000  808
-0.000000 -0.180000  823
0.020000 -0.180000  824
0.040000 -0.180000  811
0.060000 -0.180000  822
0.080000 -0.180000  799
0.100000 -0.180000  791
0.120000 -0.180000  790
0.140000 -0.180000  769
0.160000 -0.180000  775
0.180000 -0.180000  741
0.200000 -0.180000  736
0.220000 -0.180000  745
0.240000 -0.180000  729
0.260000 -0.180000  716
0.280000 -0.180000  697
-0.300000 -0.200000  660
-0.280000 -0.200000  665
-0.260000 -0.200000  707
-0.240000 -0.200000  693
-0.220000 -0.200000  727
-0.200000 -0.200000  749
-0.180000 -0.200000  762
-0.160000 -0.200000  776
-0.140000 -0.200000  761
-0.120000 -0.200000  759
-0.100000 -0.200000  769
-0.080000 -0.200000  792
-0.060000 -0.200000  785
-0.040000 -0.200000  787
-0.020000 -0.200000  797
-0.000000 -0.200000  803
0.020000 -0.200000  784
0.040000 -0.200000  790
0.060000 -0.200000  791
0.080000 -0.200000  759
0.100000 -0.200000  752
0.120000 -0.200000  753
0.140000 -0.200000  738
0.160000 -0.200000  725
0.180000 -0.200000  713
0.200000 -0.200000  708
0.220000 -0.200000  711
0.240000 -0.200000  684
0.260000 -0.200000  676
0.280000 -0.200000  663
-0.300000 -0.220000  619
-0.280000 -0.220000  651
-0.260000 -0.220000  679
-0.240000 -0.220000  690
-0.220000 -0.220000  725
-0.200000 -0.220000  735
-0.180000 -0.220000  737
-0.160000 -0.220000  762
-0.140000 -0.220000  757
-0.120000 -0.220000  748
-0.100000 -0.220000  758
-0.080000 -0.220000  733
-0.060000 -0.220000  759
-0.040000 -0.220000  741
-0.020000 -0.220000  768
-0.000000 -0.220000  769
0.020000 -0.220000  742
0.040000 -0.220000  751
0.060000 -0.220000  749
0.080000 -0.220000  720
0.100000 -0.220000  719
0.120000 -0.220000  705
0.140000 -0.220000  715
0.160000 -0.220000  694
0.180000 -0.220000  698
0.200000 -0.220000  688
0.220000 -0.220000  696
0.240000 -0.220000  678
0.260000 -0.220000  667
0.280000 -0.220000  640
-0.300000 -0.240000  616
-0.280000 -0.240000  631
-0.260000 -0.240000  656
-0.240000 -0.240000  679
-0.220000 -0.240000  693
-0.200000 -0.240000  708
-0.180000 -0.240000  693
-0.160000 -0.240000  739
-0.140000 -0.240000  723
-0.120000 -0.240000  707
-0.100000 -0.240000  717
-0.080000 -0.240000  728
-0.060000 -0.240000  730
-0.040000 -0.240000  710
-0.020000 -0.240000  731
-0.000000 -0.240000  738
0.020000 -0.240000  719
0.040000 -0.240000  733
0.060000 -0.240000  711
0.080000 -0.240000  691
0.100000 -0.240000  684
0.120000 -0.240000  703
0.140000 -0.240000  681
0.160000 -0.240000  663
0.180000 -0.240000  679
0.200000 -0.240000  667
0.220000 -0.240000  654
0.240000 -0.240000  641
0.260000 -0.240000  649
0.280000 -0.240000  636
-0.300000 -0.260000  577
-0.280000 -0.260000  616
-0.260000 -0.260000  640
-0.240000 -0.260000  676
-0.220000 -0.260000  678
-0.200000 -0.260000  692
-0.180000 -0.260000  687
-0.160000 -0.260000  701
-0.140000 -0.260000  694
-0.120000 -0.260000  702
-0.100000 -0.260000  694
-0.080000 -0.260000  693
-0.060000 -0.260000  704
-0.040000 -0.260000  694
-0.020000 -0.260000  696
-0.000000 -0.260000  708
0.020000 -0.260000  692
0.040000 -0.260000  677
0.060000 -0.260000  671
0.080000 -0.260000  661
0.100000 -0.260000  667
0.120000 -0.260000  655
0.140000 -0.260000  649
0.160000 -0.260000  659
0.180000 -0.260000  654
0.200000 -0.260000  648
0.220000 -0.260000  640
0.240000 -0.260000  637
0.260000 -0.260000  627
0.280000 -0.260000  613
-0.300000 -0.280000  575
-0.280000 -0.280000  594
-0.260000 -0.280000  626
-0.240000 -0.280000  651
-0.220000 -0.280000  642
-0.200000 -0.280000  648
-0.180000 -0.280000  670
-0.160000 -0.280000  666
-0.140000 -0.280000  672
-0.120000 -0.280000  681
-0.100000 -0.280000  680
-0.080000 -0.280000  678
-0.060000 -0.280000  691
-0.040000 -0.280000  683
-0.020000 -0.280000  669
-0.000000 -0.280000  672
0.020000 -0.280000  662
0.040000 -0.280000  642
0.060000 -0.280000  630
0.080000 -0.280000  638
0.100000 -0.280000  639
0.120000 -0.280000  630
0.140000 -0.280000  637
0.160000 -0.280000  639
0.180000 -0.280000  638
0.200000 -0.280000  636
0.220000 -0.280000  620
0.240000 -0.280000  593
0.260000 -0.280000  588
0.280000 -0.280000  576
-0.300000 -0.300000  560
-0.280000 -0.300000  571
-0.260000 -0.300000  586
-0.240000 -0.300000  627
-0.220000 -0.300000  626
-0.200000 -0.300000  630
-0.180000 -0.300000  643
-0.160000 -0.300000  625
-0.140000 -0.300000  650
-0.120000 -0.300000  652
-0.100000 -0.300000  668
-0.080000 -0.300000  643
-0.060000 -0.300000  627
-0.040000 -0.300000  657
-0.020000 -0.300000  643
-0.000000 -0.300000  629
0.020000 -0.300000  620
0.040000 -0.300000  624
0.060000 -0.300000  625
0.080000 -0.300000  607
0.100000 -0.300000  625
-0.300000 -0.320000  515
-0.280000 -0.320000  544
-0.260000 -0.320000  586
-0.240000 -0.320000  598
-0.220000 -0.320000  586
-0.200000 -0.320000  601
-0.180000 -0.320000  610
-0.160000 -0.320000  611
-0.140000 -0.320000  625
-0.120000 -0.320000  624
-0.100000 -0.320000  622
-0.080000 -0.320000  605
-0.060000 -0.320000  631
-0.040000 -0.320000  618
-0.020000 -0.320000  621
-0.000000 -0.320000  587
0.020000 -0.320000  599
0.040000 -0.320000  590
0.060000 -0.320000  583
0.080000 -0.320000  588
0.100000 -0.320000  590
-0.300000 -0.340000  498
-0.280000 -0.340000  532
-0.260000 -0.340000  546
-0.240000 -0.340000  561
-0.220000 -0.340000  546
-0.200000 -0.340000  577
-0.180000 -0.340000  587
-0.160000 -0.340000  580
-0.140000 -0.340000  588
-0.120000 -0.340000  589
-0.100000 -0.340000  590
-0.080000 -0.340000  579
-0.060000 -0.340000  602
-0.040000 -0.340000  593
-0.020000 -0.340000  569
-0.000000 -0.340000  567
0.020000 -0.340000  579
0.040000 -0.340000  565
0.060000 -0.340000  555
0.080000 -0.340000  565
0.100000 -0.340000  574
-0.300000 -0.360000  471
-0.280000 -0.360000  516
-0.260000 -0.360000  522
-0.240000 -0.360000  538
-0.220000 -0.360000  549
-0.200000 -0.360000  550
-0.180000 -0.360000  534
-0.160000 -0.360000  566
-0.140000 -0.360000  534
-0.120000 -0.360000  558
-0.100000 -0.360000  565
-0.080000 -0.360000  573
-0.060000 -0.360000  581
-0.040000 -0.360000  562
-0.020000 -0.360000  556
-0.000000 -0.360000  554
0.020000 -0.360000  536
0.040000 -0.360000  542
0.060000 -0.360000  540
0.080000 -0.360000  545
0.100000 -0.360000  542
-0.300000 -0.380000  468
-0.280000 -0.380000  486
-0.260000 -0.380000  499
-0.240000 -0.380000  513
-0.220000 -0.380000  511
-0.200000 -0.380000  505
-0.180000 -0.380000  527
-0.160000 -0.380000  536
-0.140000 -0.380000  548
-0.120000 -0.380000  540
-0.100000 -0.380000  553
-0.080000 -0.380000  533
-0.060000 -0.380000  532
-0.040000 -0.380000  525
-0.020000 -0.380000  519
-0.000000 -0.380000  515
0.020000 -0.380000  529
0.040000 -0.380000  502
0.060000 -0.380000  522
0.080000 -0.380000  512
0.100000 -0.380000  521
-0.300000 -0.400000  449
-0.280000 -0.400000  465
-0.260000 -0.400000  477
-0.240000 -0.400000  471
-0.220000 -0.400000  491
-0.200000 -0.400000  499
-0.180000 -0.400000  498
-0.160000 -0.400000  508
-0.140000 -0.400000  510
-0.120000 -0.400000  515
-0.100000 -0.400000  518
-0.080000 -0.400000  524
-0.060000 -0.400000  509
-0.040000 -0.400000  502
-0.020000 -0.400000  496
-0.000000 -0.400000  490
0.020000 -0.400000  510
0.040000 -0.400000  508
0.060000 -0.400000  495
0.080000 -0.400000  510
0.100000 -0.400000  506
-0.300000 -0.420000  438
-0.280000 -0.420000  465
-0.260000 -0.420000  445
-0.240000 -0.420000  459
-0.220000 -0.420000  456
-0.200000 -0.420000  454
-0.180000 -0.420000  467
-0.160000 -0.420000  474
-0.140000 -0.420000  476
-0.120000 -0.420000  475
-0.100000 -0.420000  482
-0.080000 -0.420000  488
-0.060000 -0.420000  478
-0.040000 -0.420000  459
-0.020000 -0.420000  473
-0.000000 -0.420000  472
0.020000 -0.420000  469
0.040000 -0.420000  464
0.060000 -0.420000  469
0.080000 -0.420000  458
0.100000 -0.420000  459
-0.300000 -0.440000  430
-0.280000 -0.440000  444
-0.260000 -0.440000  439
-0.240000 -0.440000  430
-0.220000 -0.440000  432
-0.200000 -0.440000  435
-0.180000 -0.440000  439
-0.160000 -0.440000  448
-0.140000 -0.440000  443
-0.120000 -0.440000  476
-0.100000 -0.440000  456
-0.080000 -0.440000  461
-0.060000 -0.440000  458
-0.040000 -0.440000  429
-0.020000 -0.440000  432
-0.000000 -0.440000  435
0.020000 -0.440000  418
0.040000 -0.440000  423
0.060000 -0.440000  437
0.080000 -0.440000  439
0.100000 -0.440000  432
-0.300000 -0.460000  408
-0.280000 -0.460000  416
-0.260000 -0.460000  433
-0.240000 -0.460000  419
-0.220000 -0.460000  418
-0.200000 -0.460000  420
-0.180000 -0.460000  402
-0.160000 -0.460000  403
-0.140000 -0.460000  405
-0.120000 -0.460000  426
-0.100000 -0.460000  418
-0.080000 -0.460000  433
-0.060000 -0.460000  418
-0.040000 -0.460000  403
-0.020000 -0.460000  410
-0.000000 -0.460000  396
0.020000 -0.460000  394
0.040000 -0.460000  388
0.060000 -0.460000  411
0.080000 -0.460000  395
0.100000 -0.460000  374
-0.300000 -0.480000  385
-0.280000 -0.480000  401
-0.260000 -0.480000  406
-0.240000 -0.480000  373
-0.220000 -0.480000  404
-0.200000 -0.480000  392
-0.180000 -0.480000  388
-0.160000 -0.480000  384
-0.140000 -0.480000  386
-0.120000 -0.480000  370
-0.100000 -0.480000  377
-0.080000 -0.480000  373
-0.060000 -0.480000  373
-0.040000 -0.480000  362
-0.020000 -0.480000  369
-0.000000 -0.480000  363
0.020000 -0.480000  352
0.040000 -0.480000  370
0.060000 -0.480000  375
0.080000 -0.480000  348
0.100000 -0.480000  322
