0.050000 0.713000 5.099576 103.000000
0.050000 0.475000 5.219261 106.000000
0.050000 0.587000 4.820601 98.000000
0.050000 0.399000 4.519695 92.000000
0.050000 1.123000 6.578408 133.000000
0.050000 1.204000 5.909836 120.000000
0.050000 1.388000 5.943865 120.000000
0.050000 1.874000 5.187079 105.000000
0.050000 0.389000 4.358555 89.000000
0.050000 0.731000 4.555321 93.000000
0.050000 0.373000 4.423672 90.000000
0.050000 0.364000 4.299094 87.000000
0.050000 0.360000 4.260647 87.000000
0.050000 0.723000 4.947365 100.000000
0.050000 0.713000 4.515144 92.000000
0.050000 0.822000 4.508975 92.000000
0.050000 0.394000 4.259540 87.000000
0.050000 0.593000 4.277882 87.000000
0.050000 0.773000 5.971975 121.000000
0.050000 0.943000 4.726060 96.000000
0.050000 0.371000 4.149278 84.000000
0.050000 0.739000 4.387395 89.000000
0.050000 0.286000 4.333273 88.000000
0.050000 0.269000 4.463064 91.000000
0.050000 0.852000 4.660487 95.000000
0.050000 0.864000 4.950401 101.000000
0.050000 1.223000 6.810880 138.000000
0.050000 0.651000 4.411712 90.000000
0.050000 0.445000 4.324120 88.000000
0.050000 0.382000 4.749540 96.000000
0.050000 0.593000 4.080423 83.000000
0.050000 0.678000 4.774364 97.000000
0.050000 0.385000 4.432217 90.000000
0.050000 0.773000 4.348799 88.000000
0.050000 1.293000 8.756501 177.000000
0.050000 0.441000 5.775670 117.000000
0.050000 0.569000 4.912446 100.000000
0.050000 0.319000 4.219660 86.000000
0.050000 0.694000 4.767224 97.000000
0.050000 2.145000 4.652845 95.000000
0.050000 1.029000 6.298208 127.000000
0.050000 0.726000 4.216918 86.000000
0.050000 1.149000 5.082547 103.000000
0.050000 0.527000 5.847297 118.000000
0.050000 0.499000 4.594088 93.000000
0.050000 0.441000 4.288965 87.000000
0.050000 1.927000 6.673318 135.000000
0.050000 0.694000 5.287471 107.000000
0.050000 0.469000 4.703817 96.000000
0.050000 0.639000 4.329440 88.000000
0.100000 0.288000 5.188874 53.000000
0.100000 0.269000 4.066778 42.000000
0.100000 0.274000 4.264881 44.000000
0.100000 0.597000 4.847606 50.000000
0.100000 0.203000 4.242793 44.000000
0.100000 0.438000 4.406937 46.000000
0.100000 0.199000 4.300870 45.000000
0.100000 0.324000 4.232641 44.000000
0.100000 0.385000 4.799640 49.000000
0.100000 0.656000 5.135858 53.000000
0.100000 0.516000 4.428038 46.000000
0.100000 0.354000 4.135817 43.000000
0.100000 0.263000 4.009197 42.000000
0.100000 0.180000 3.772233 39.000000
0.100000 0.437000 4.565510 47.000000
0.100000 0.656000 4.359467 45.000000
0.100000 0.431000 4.395028 45.000000
0.100000 0.562000 5.972957 61.000000
0.100000 0.515000 5.647418 58.000000
0.100000 0.698000 5.522088 57.000000
0.100000 0.453000 4.476786 46.000000
0.100000 0.328000 4.192986 43.000000
0.100000 0.447000 4.754795 49.000000
0.100000 0.353000 4.430870 46.000000
0.100000 0.299000 6.302122 65.000000
0.100000 0.599000 6.623504 68.000000
0.100000 0.435000 4.039189 42.000000
0.100000 0.372000 4.115614 43.000000
0.100000 0.254000 4.296469 44.000000
0.100000 0.238000 4.149596 43.000000
0.100000 0.500000 5.148130 53.000000
0.100000 0.286000 4.244066 44.000000
0.100000 0.267000 4.524505 47.000000
0.100000 0.241000 4.690478 48.000000
0.100000 0.530000 6.597366 67.000000
0.100000 0.679000 5.095624 52.000000
0.100000 0.502000 4.309219 45.000000
0.100000 0.425000 4.269233 44.000000
0.100000 0.512000 5.663959 58.000000
0.100000 0.875000 6.337290 65.000000
0.100000 0.732000 4.976170 51.000000
0.100000 0.240000 4.209226 44.000000
0.100000 0.569000 4.983524 51.000000
0.100000 0.397000 4.963206 51.000000
0.100000 0.218000 4.165196 43.000000
0.100000 1.026000 4.268643 44.000000
0.100000 0.245000 4.225862 44.000000
0.100000 0.242000 4.231222 44.000000
0.100000 0.196000 3.887710 40.000000
0.100000 1.026000 6.744066 69.000000
0.150000 0.417000 4.603780 32.000000
0.150000 0.339000 4.144672 29.000000
0.150000 0.421000 6.235197 43.000000
0.150000 0.265000 4.592426 32.000000
0.150000 0.335000 5.423578 38.000000
0.150000 0.326000 4.081448 29.000000
0.150000 0.166000 4.891204 34.000000
0.150000 0.404000 4.624549 32.000000
0.150000 0.322000 5.292980 37.000000
0.150000 0.246000 5.488565 38.000000
0.150000 0.850000 4.672868 33.000000
0.150000 0.262000 5.583748 39.000000
0.150000 0.290000 4.313098 30.000000
0.150000 0.323000 4.938904 34.000000
0.150000 0.207000 4.318866 30.000000
0.150000 0.356000 5.177648 36.000000
0.150000 0.137000 4.371747 31.000000
0.150000 0.293000 4.512188 32.000000
0.150000 0.184000 4.014422 28.000000
0.150000 0.250000 4.344970 30.000000
0.150000 0.340000 4.471565 31.000000
0.150000 0.214000 4.430567 31.000000
0.150000 0.230000 4.613078 32.000000
0.150000 0.334000 5.803965 40.000000
0.150000 0.142000 3.939613 28.000000
0.150000 0.251000 4.692900 33.000000
0.150000 0.950000 4.641794 32.000000
0.150000 0.339000 4.269859 30.000000
0.150000 0.398000 4.149450 29.000000
0.150000 0.291000 4.090738 29.000000
0.150000 0.285000 4.346046 30.000000
0.150000 0.303000 4.884044 34.000000
0.150000 0.154000 4.111552 29.000000
0.150000 0.247000 4.353911 31.000000
0.150000 0.357000 6.293770 43.000000
0.150000 0.378000 5.515808 38.000000
0.150000 0.740000 6.583093 45.000000
0.150000 0.243000 5.531791 38.000000
0.150000 0.186000 4.253726 30.000000
0.150000 0.464000 4.053500 29.000000
0.150000 0.181000 4.499320 31.000000
0.150000 0.303000 5.900614 41.000000
0.150000 0.157000 3.944680 28.000000
0.150000 0.359000 4.516324 32.000000
0.150000 0.389000 4.223843 30.000000
0.150000 0.219000 4.937688 34.000000
0.150000 0.270000 4.348734 30.000000
0.150000 0.415000 4.170234 29.000000
0.150000 0.297000 4.287079 30.000000
0.150000 0.172000 4.310362 30.000000
0.200000 0.193000 4.237673 23.000000
0.200000 0.189000 4.246995 23.000000
0.200000 0.236000 5.496971 29.000000
0.200000 0.192000 4.285377 23.000000
0.200000 0.149000 4.165399 22.000000
0.200000 0.250000 4.271203 23.000000
0.200000 0.215000 4.436671 24.000000
0.200000 0.186000 4.617427 25.000000
0.200000 0.141000 4.018336 22.000000
0.200000 0.212000 4.483831 24.000000
0.200000 0.325000 5.261087 28.000000
0.200000 0.511000 5.914818 31.000000
0.200000 0.386000 4.372998 23.000000
0.200000 0.221000 4.975789 26.000000
0.200000 0.142000 4.091085 22.000000
0.200000 0.253000 5.247809 28.000000
0.200000 0.158000 4.394589 23.000000
0.200000 0.136000 4.995608 26.000000
0.200000 0.853000 7.677150 40.000000
0.200000 0.221000 4.406112 24.000000
0.200000 0.167000 3.927730 21.000000
0.200000 0.156000 4.369248 23.000000
0.200000 0.265000 4.564092 24.000000
0.200000 0.326000 5.281928 28.000000
0.200000 0.237000 4.551813 24.000000
0.200000 0.372000 5.846680 31.000000
0.200000 0.203000 5.597534 29.000000
0.200000 0.232000 5.653168 30.000000
0.200000 0.121000 4.243830 23.000000
0.200000 0.278000 6.328367 33.000000
0.200000 0.440000 4.201172 23.000000
0.200000 0.192000 3.907624 21.000000
0.200000 0.191000 5.186640 27.000000
0.200000 0.136000 4.231225 23.000000
0.200000 0.158000 4.282950 23.000000
0.200000 0.128000 4.063234 22.000000
0.200000 0.304000 4.269701 23.000000
0.200000 0.132000 4.142817 22.000000
0.200000 0.147000 4.252300 23.000000
0.200000 0.722000 8.484843 44.000000
0.200000 0.221000 5.124489 27.000000
0.200000 0.168000 4.369355 23.000000
0.200000 0.181000 4.539337 24.000000
0.200000 0.291000 4.970381 26.000000
0.200000 0.267000 4.648795 25.000000
0.200000 0.176000 4.149095 22.000000
0.200000 0.273000 5.098708 27.000000
0.200000 0.150000 4.232648 23.000000
0.200000 0.175000 4.424764 24.000000
0.200000 0.238000 4.314905 23.000000
0.250000 0.107000 3.799912 17.000000
0.250000 0.102000 4.151421 18.000000
0.250000 0.519000 8.407696 35.000000
0.250000 0.382000 6.574840 28.000000
0.250000 0.167000 3.958153 17.000000
0.250000 0.210000 4.215955 18.000000
0.250000 0.145000 4.136040 18.000000
0.250000 0.347000 5.355739 23.000000
0.250000 0.289000 3.996678 17.000000
0.250000 0.198000 4.047414 18.000000
0.250000 0.165000 4.481262 19.000000
0.250000 0.762000 10.194123 42.000000
0.250000 0.270000 4.985903 21.000000
0.250000 0.254000 5.705693 24.000000
0.250000 0.444000 4.783439 21.000000
0.250000 0.274000 8.128086 34.000000
0.250000 0.161000 5.141548 22.000000
0.250000 0.360000 4.396113 19.000000
0.250000 0.319000 8.193045 34.000000
0.250000 0.249000 5.221504 22.000000
0.250000 0.164000 5.069538 22.000000
0.250000 0.198000 5.010369 22.000000
0.250000 0.175000 4.083614 18.000000
0.250000 0.178000 4.791948 21.000000
0.250000 0.137000 4.544187 20.000000
0.250000 0.434000 5.946093 25.000000
0.250000 0.239000 5.264027 23.000000
0.250000 0.178000 4.361947 19.000000
0.250000 0.232000 4.150644 18.000000
0.250000 0.108000 4.208497 18.000000
0.250000 0.167000 4.169290 18.000000
0.250000 0.344000 5.254216 23.000000
0.250000 0.186000 4.608701 20.000000
0.250000 0.160000 3.921099 17.000000
0.250000 0.186000 4.270588 19.000000
0.250000 0.258000 4.789337 21.000000
0.250000 0.212000 5.562627 24.000000
0.250000 0.138000 3.840586 17.000000
0.250000 0.383000 5.417376 23.000000
0.250000 0.177000 4.545969 20.000000
0.250000 0.120000 4.211737 18.000000
0.250000 0.204000 4.419267 19.000000
0.250000 0.106000 3.911654 17.000000
0.250000 0.269000 4.237489 18.000000
0.250000 0.168000 4.085662 18.000000
0.250000 0.251000 5.741274 24.000000
0.250000 0.142000 4.023471 18.000000
0.250000 0.104000 4.003499 18.000000
0.250000 0.124000 4.120211 18.000000
0.250000 0.166000 3.921001 17.000000
0.300000 0.347000 4.927481 18.000000
0.300000 0.137000 4.105948 15.000000
0.300000 0.174000 4.343252 16.000000
0.300000 0.248000 5.674865 20.000000
0.300000 0.130000 4.626677 17.000000
0.300000 0.279000 8.292065 29.000000
0.300000 0.244000 5.624019 20.000000
0.300000 0.201000 4.934069 18.000000
0.300000 0.222000 4.066435 15.000000
0.300000 0.163000 4.221337 16.000000
0.300000 0.113000 4.005462 15.000000
0.300000 0.186000 4.775088 17.000000
0.300000 0.181000 4.819001 18.000000
0.300000 0.360000 5.576409 20.000000
0.300000 0.124000 4.231396 16.000000
0.300000 0.105000 3.913202 15.000000
0.300000 0.143000 4.799946 17.000000
0.300000 0.134000 4.331118 16.000000
0.300000 0.188000 4.817142 18.000000
0.300000 0.126000 3.955892 15.000000
0.300000 0.203000 6.105218 22.000000
0.300000 0.156000 4.496153 16.000000
0.300000 0.115000 3.922932 15.000000
0.300000 0.088000 3.684121 14.000000
0.300000 0.164000 4.943648 18.000000
0.300000 0.131000 4.191662 15.000000
0.300000 0.166000 4.734348 17.000000
0.300000 0.156000 4.731703 17.000000
0.300000 0.282000 5.386316 19.000000
0.300000 0.226000 5.232296 19.000000
0.300000 0.130000 4.204825 16.000000
0.300000 0.298000 4.618294 17.000000
0.300000 0.513000 5.269443 19.000000
0.300000 0.147000 4.373796 16.000000
0.300000 0.108000 4.142697 15.000000
0.300000 0.205000 4.687134 17.000000
0.300000 0.225000 4.408363 16.000000
0.300000 0.141000 4.266252 16.000000
0.300000 0.228000 4.679329 17.000000
0.300000 0.221000 6.650347 24.000000
0.300000 0.212000 4.662548 17.000000
0.300000 0.285000 5.085561 18.000000
0.300000 0.092000 3.886301 14.000000
0.300000 0.192000 4.479959 16.000000
0.300000 0.161000 5.242142 19.000000
0.300000 0.215000 4.721509 17.000000
0.300000 0.320000 6.725601 24.000000
0.300000 0.232000 5.843228 21.000000
0.300000 0.195000 4.698173 17.000000
0.300000 0.200000 4.208955 16.000000
0.350000 0.090000 3.681167 12.000000
0.350000 0.149000 4.658897 15.000000
0.350000 0.222000 5.825370 18.000000
0.350000 0.119000 4.234838 14.000000
0.350000 0.625000 5.458022 17.000000
0.350000 0.507000 4.858993 15.000000
0.350000 0.176000 5.058018 16.000000
0.350000 0.196000 4.331974 14.000000
0.350000 0.174000 4.886732 15.000000
0.350000 0.172000 4.525810 14.000000
0.350000 0.199000 5.607760 18.000000
0.350000 0.314000 4.753783 15.000000
0.350000 0.129000 4.115682 13.000000
0.350000 0.340000 3.893810 13.000000
0.350000 0.229000 4.818155 15.000000
0.350000 0.208000 5.127438 16.000000
0.350000 0.221000 4.206179 14.000000
0.350000 0.110000 3.770740 12.000000
0.350000 0.130000 4.571737 15.000000
0.350000 0.273000 4.883443 15.000000
0.350000 0.120000 4.082254 13.000000
0.350000 0.138000 4.368651 14.000000
0.350000 0.144000 3.724956 12.000000
0.350000 0.162000 4.287853 14.000000
0.350000 0.128000 5.374665 17.000000
0.350000 0.251000 6.345619 20.000000
0.350000 0.336000 5.484213 17.000000
0.350000 0.171000 3.939190 13.000000
0.350000 0.136000 4.140411 13.000000
0.350000 0.190000 4.667587 15.000000
0.350000 0.211000 4.473960 14.000000
0.350000 0.137000 4.295264 14.000000
0.350000 0.104000 4.244288 14.000000
0.350000 0.209000 4.244517 14.000000
0.350000 0.202000 6.321836 20.000000
0.350000 0.109000 4.231716 14.000000
0.350000 0.124000 3.939936 13.000000
0.350000 0.236000 4.642358 15.000000
0.350000 0.111000 4.035182 13.000000
0.350000 0.152000 4.522535 14.000000
0.350000 0.094000 3.652728 12.000000
0.350000 0.358000 4.907762 16.000000
0.350000 0.235000 5.345605 17.000000
0.350000 0.098000 3.789799 12.000000
0.350000 0.154000 4.925500 16.000000
0.350000 0.356000 6.066417 19.000000
0.350000 0.142000 4.433865 14.000000
0.350000 0.194000 4.765062 15.000000
0.350000 0.379000 5.795221 18.000000
0.350000 0.130000 4.621234 15.000000
0.400000 0.165000 4.905206 14.000000
0.400000 0.271000 6.794991 18.000000
0.400000 0.247000 4.588475 13.000000
0.400000 0.425000 4.659911 13.000000
0.400000 0.164000 4.242993 12.000000
0.400000 0.159000 4.447251 13.000000
0.400000 0.173000 4.536249 13.000000
0.400000 0.159000 3.924413 11.000000
0.400000 0.211000 6.092159 17.000000
0.400000 0.145000 4.370308 12.000000
0.400000 0.138000 5.325499 15.000000
0.400000 0.263000 4.970318 14.000000
0.400000 0.265000 6.827373 19.000000
0.400000 0.190000 4.499579 13.000000
0.400000 0.120000 3.796696 11.000000
0.400000 0.202000 4.280528 12.000000
0.400000 0.122000 3.657234 11.000000
0.400000 0.146000 4.110947 12.000000
0.400000 0.166000 4.484409 13.000000
0.400000 0.153000 5.247755 15.000000
0.400000 0.171000 5.311598 15.000000
0.400000 0.150000 4.689229 13.000000
0.400000 0.124000 4.024759 12.000000
0.400000 0.143000 5.137159 14.000000
0.400000 0.199000 4.485631 13.000000
0.400000 0.147000 4.787865 13.000000
0.400000 0.511000 5.996064 16.000000
0.400000 0.183000 4.030784 12.000000
0.400000 0.175000 4.641287 13.000000
0.400000 0.133000 4.886976 14.000000
0.400000 0.142000 4.337178 12.000000
0.400000 0.271000 5.612408 16.000000
0.400000 0.348000 5.877755 16.000000
0.400000 0.170000 4.740020 13.000000
0.400000 0.175000 5.057854 14.000000
0.400000 0.135000 4.105163 12.000000
0.400000 0.181000 4.915013 14.000000
0.400000 0.296000 5.472585 15.000000
0.400000 0.176000 4.607964 13.000000
0.400000 0.186000 4.619391 13.000000
0.400000 0.264000 7.267158 20.000000
0.400000 0.385000 5.259578 15.000000
0.400000 0.102000 4.108088 12.000000
0.400000 0.187000 4.388711 12.000000
0.400000 0.153000 4.803327 14.000000
0.400000 0.122000 4.525765 13.000000
0.400000 0.335000 5.254252 15.000000
0.400000 0.184000 3.865508 11.000000
0.400000 0.490000 5.752525 16.000000
0.400000 0.266000 5.519605 15.000000
0.450000 0.195000 5.210380 13.000000
0.450000 0.216000 5.637673 14.000000
0.450000 0.383000 5.123736 13.000000
0.450000 0.299000 5.503927 14.000000
0.450000 0.261000 6.705237 16.000000
0.450000 0.094000 3.978109 10.000000
0.450000 0.472000 6.868534 17.000000
0.450000 0.157000 4.468062 11.000000
0.450000 0.165000 5.216683 13.000000
0.450000 0.204000 5.700978 14.000000
0.450000 0.198000 4.554185 12.000000
0.450000 0.128000 4.433362 11.000000
0.450000 0.111000 4.669583 12.000000
0.450000 0.185000 4.926415 12.000000
0.450000 0.170000 4.809278 12.000000
0.450000 0.181000 4.690185 12.000000
0.450000 0.108000 4.036616 10.000000
0.450000 0.185000 5.173196 13.000000
0.450000 0.217000 5.516173 14.000000
0.450000 0.127000 4.443329 11.000000
0.450000 0.122000 3.832062 10.000000
0.450000 0.124000 4.563797 12.000000
0.450000 0.223000 5.119244 13.000000
0.450000 0.211000 5.893140 15.000000
0.450000 0.139000 4.524956 12.000000
0.450000 0.517000 4.983900 13.000000
0.450000 0.179000 5.400960 14.000000
0.450000 0.247000 4.882671 12.000000
0.450000 0.502000 5.939526 15.000000
0.450000 0.172000 5.026378 13.000000
0.450000 0.168000 4.363227 11.000000
0.450000 0.103000 4.102967 11.000000
0.450000 0.231000 5.774912 14.000000
0.450000 0.141000 4.927823 12.000000
0.450000 0.182000 5.140187 13.000000
0.450000 0.110000 4.808421 12.000000
0.450000 0.124000 4.422933 11.000000
0.450000 0.157000 4.125680 11.000000
0.450000 0.437000 5.970151 15.000000
0.450000 0.178000 4.563824 12.000000
0.450000 0.115000 4.705460 12.000000
0.450000 0.703000 7.047817 17.000000
0.450000 0.109000 4.168010 11.000000
0.450000 0.354000 8.356509 20.000000
0.450000 0.154000 5.097473 13.000000
0.450000 0.113000 4.191904 11.000000
0.450000 0.132000 3.747081 10.000000
0.450000 0.267000 5.591422 14.000000
0.450000 0.212000 4.274113 11.000000
0.450000 0.159000 5.201559 13.000000
0.500000 0.081000 3.594269 9.000000
0.500000 0.179000 4.929344 11.000000
0.500000 0.087000 3.918899 9.000000
0.500000 0.133000 4.130840 10.000000
0.500000 0.095000 3.919342 9.000000
0.500000 0.246000 4.625495 11.000000
0.500000 0.222000 6.129128 14.000000
0.500000 0.155000 4.981416 11.000000
0.500000 0.130000 5.053215 12.000000
0.500000 0.329000 4.888456 11.000000
0.500000 0.205000 4.406971 10.000000
0.500000 0.143000 4.272990 10.000000
0.500000 0.150000 4.741867 11.000000
0.500000 0.319000 7.984669 17.000000
0.500000 0.226000 4.324657 10.000000
0.500000 0.179000 4.389065 10.000000
0.500000 0.120000 4.523823 11.000000
0.500000 0.138000 4.570700 11.000000
0.500000 0.280000 4.974663 11.000000
0.500000 0.674000 7.409233 16.000000
0.500000 0.290000 7.688760 17.000000
0.500000 0.175000 5.030406 12.000000
0.500000 0.178000 5.493246 12.000000
0.500000 0.099000 3.965427 9.000000
0.500000 0.240000 4.306838 10.000000
0.500000 0.139000 5.271697 12.000000
0.500000 0.378000 5.088514 12.000000
0.500000 0.128000 4.017664 10.000000
0.500000 0.151000 4.981988 11.000000
0.500000 0.215000 6.114265 14.000000
0.500000 0.283000 5.816296 13.000000
0.500000 0.160000 4.306471 10.000000
0.500000 0.355000 4.922062 11.000000
0.500000 0.094000 3.950858 9.000000
0.500000 0.090000 3.941235 9.000000
0.500000 0.113000 3.979292 9.000000
0.500000 0.166000 4.697867 11.000000
0.500000 0.111000 4.167829 10.000000
0.500000 0.090000 3.905280 9.000000
0.500000 0.085000 3.808775 9.000000
0.500000 0.142000 5.113482 12.000000
0.500000 0.259000 5.791297 13.000000
0.500000 0.207000 5.186319 12.000000
0.500000 0.160000 5.109506 12.000000
0.500000 0.122000 4.474271 10.000000
0.500000 0.216000 4.501565 11.000000
0.500000 0.218000 4.744635 11.000000
0.500000 0.192000 4.655844 11.000000
0.500000 0.089000 3.985499 9.000000
0.500000 0.089000 3.956982 9.000000
0.550000 0.089000 3.971531 9.000000
0.550000 0.105000 4.124882 9.000000
0.550000 0.146000 4.193913 9.000000
0.550000 0.108000 4.910277 10.000000
0.550000 0.311000 6.446358 13.000000
0.550000 0.174000 5.225642 11.000000
0.550000 0.091000 4.008616 9.000000
0.550000 0.096000 3.998175 9.000000
0.550000 0.339000 5.585401 12.000000
0.550000 0.107000 4.025687 9.000000
0.550000 0.379000 6.119036 13.000000
0.550000 0.387000 6.662754 14.000000
0.550000 0.096000 4.054484 9.000000
0.550000 0.127000 4.448401 10.000000
0.550000 0.240000 7.083649 14.000000
0.550000 0.090000 3.934937 9.000000
0.550000 0.254000 5.608149 12.000000
0.550000 0.212000 5.840273 12.000000
0.550000 0.137000 4.682020 10.000000
0.550000 0.097000 4.012348 9.000000
0.550000 0.134000 4.695181 10.000000
0.550000 0.092000 3.813031 8.000000
0.550000 0.172000 4.371127 9.000000
0.550000 0.102000 4.327376 9.000000
0.550000 0.144000 5.283289 11.000000
0.550000 0.123000 4.117173 9.000000
0.550000 0.081000 3.567320 8.000000
0.550000 0.333000 6.345182 13.000000
0.550000 0.216000 4.221179 9.000000
0.550000 0.092000 4.007101 9.000000
0.550000 0.090000 4.018884 9.000000
0.550000 0.096000 4.165797 9.000000
0.550000 0.659000 6.371882 13.000000
0.550000 0.568000 7.687085 15.000000
0.550000 0.705000 4.881413 10.000000
0.550000 0.105000 4.402217 10.000000
0.550000 0.298000 6.606143 14.000000
0.550000 0.150000 3.777748 8.000000
0.550000 0.112000 4.368406 9.000000
0.550000 0.108000 4.152006 9.000000
0.550000 0.091000 4.007821 9.000000
0.550000 0.088000 3.828642 8.000000
0.550000 0.274000 6.227169 13.000000
0.550000 0.193000 5.868890 12.000000
0.550000 0.092000 4.117351 9.000000
0.550000 0.119000 4.400403 10.000000
0.550000 0.094000 3.993380 9.000000
0.550000 0.199000 4.090784 9.000000
0.550000 0.122000 3.996410 9.000000
0.550000 0.572000 4.860724 10.000000
0.600000 0.118000 4.008166 8.000000
0.600000 0.094000 4.084721 8.000000
0.600000 0.151000 5.247078 10.000000
0.600000 0.106000 4.136714 8.000000
0.600000 0.145000 5.569362 11.000000
0.600000 0.170000 4.066996 8.000000
0.600000 0.276000 6.641962 13.000000
0.600000 0.829000 5.615014 11.000000
0.600000 0.095000 3.933395 8.000000
0.600000 0.273000 6.295975 12.000000
0.600000 0.235000 5.199060 10.000000
0.600000 0.358000 5.941508 11.000000
0.600000 0.230000 6.216688 12.000000
0.600000 0.122000 4.632131 9.000000
0.600000 0.094000 4.126235 8.000000
0.600000 0.108000 3.902142 8.000000
0.600000 0.195000 4.854106 10.000000
0.600000 0.189000 5.524058 11.000000
0.600000 0.351000 5.974587 11.000000
0.600000 0.207000 6.985007 13.000000
0.600000 0.154000 4.423217 9.000000
0.600000 0.190000 5.933337 11.000000
0.600000 0.109000 4.643543 9.000000
0.600000 0.119000 4.948547 10.000000
0.600000 0.460000 7.645851 14.000000
0.600000 0.494000 6.225470 12.000000
0.600000 0.226000 4.623436 9.000000
0.600000 0.250000 5.312070 10.000000
0.600000 0.111000 4.095854 8.000000
0.600000 0.226000 5.068126 10.000000
0.600000 0.158000 4.730402 9.000000
0.600000 0.101000 4.434874 9.000000
0.600000 0.419000 6.157557 12.000000
0.600000 0.163000 4.087951 8.000000
0.600000 0.283000 4.858701 10.000000
0.600000 0.155000 4.985615 10.000000
0.600000 0.309000 5.999083 11.000000
0.600000 0.225000 6.215891 12.000000
0.600000 0.117000 4.362065 9.000000
0.600000 0.235000 5.666440 11.000000
0.600000 0.185000 5.489070 11.000000
0.600000 0.152000 4.902131 10.000000
0.600000 0.216000 5.352322 10.000000
0.600000 0.182000 5.577357 11.000000
0.600000 0.290000 5.816854 11.000000
0.600000 0.086000 3.779230 8.000000
0.600000 0.111000 4.092893 8.000000
0.600000 0.174000 5.823880 11.000000
0.600000 0.130000 5.000523 10.000000
0.600000 0.254000 5.423996 11.000000
0.650000 0.161000 4.830597 9.000000
0.650000 0.167000 4.657572 9.000000
0.650000 0.089000 3.732427 7.000000
0.650000 0.091000 3.898777 7.000000
0.650000 0.094000 4.066240 8.000000
0.650000 0.089000 3.836862 7.000000
0.650000 0.124000 4.359350 8.000000
0.650000 0.245000 5.756477 10.000000
0.650000 0.096000 4.061457 8.000000
0.650000 0.299000 6.992893 12.000000
0.650000 0.127000 4.844717 9.000000
0.650000 0.131000 4.868244 9.000000
0.650000 0.184000 6.250490 11.000000
0.650000 0.102000 4.359009 8.000000
0.650000 0.273000 6.851226 12.000000
0.650000 0.114000 3.854689 7.000000
0.650000 0.372000 7.572760 13.000000
0.650000 0.161000 5.409772 10.000000
0.650000 0.128000 4.562441 9.000000
0.650000 0.123000 4.982590 9.000000
0.650000 0.152000 5.826748 10.000000
0.650000 0.157000 5.016617 9.000000
0.650000 0.114000 4.458854 8.000000
0.650000 0.117000 4.099771 8.000000
0.650000 0.106000 3.835707 7.000000
0.650000 0.205000 4.753796 9.000000
0.650000 0.108000 4.673422 9.000000
0.650000 0.124000 4.072377 8.000000
0.650000 0.164000 4.953415 9.000000
0.650000 0.133000 5.795851 10.000000
0.650000 0.177000 5.101241 9.000000
0.650000 0.089000 3.888707 7.000000
0.650000 0.148000 5.488472 10.000000
0.650000 0.106000 4.623182 9.000000
0.650000 0.106000 4.044993 8.000000
0.650000 0.132000 4.448359 8.000000
0.650000 0.098000 4.316114 8.000000
0.650000 0.121000 4.349451 8.000000
0.650000 0.105000 4.661585 9.000000
0.650000 0.135000 5.093134 9.000000
0.650000 0.091000 4.215464 8.000000
0.650000 0.087000 3.716591 7.000000
0.650000 0.148000 4.983030 9.000000
0.650000 0.119000 4.220002 8.000000
0.650000 0.105000 3.882772 7.000000
0.650000 0.671000 7.882247 14.000000
0.650000 0.191000 5.046624 9.000000
0.650000 0.095000 4.124717 8.000000
0.650000 0.448000 6.798724 12.000000
0.650000 0.175000 6.256879 11.000000
0.700000 0.114000 4.796727 8.000000
0.700000 0.120000 5.031343 9.000000
0.700000 0.122000 4.883408 8.000000
0.700000 0.117000 4.423593 8.000000
0.700000 0.286000 7.509095 12.000000
0.700000 0.144000 5.934603 10.000000
0.700000 0.193000 6.935267 11.000000
0.700000 0.287000 4.179735 7.000000
0.700000 0.098000 4.475017 8.000000
0.700000 0.116000 4.705506 8.000000
0.700000 0.121000 4.217614 8.000000
0.700000 0.096000 4.521796 8.000000
0.700000 0.180000 4.633754 8.000000
0.700000 0.109000 4.912125 9.000000
0.700000 0.105000 4.524992 8.000000
0.700000 0.201000 6.468334 11.000000
0.700000 0.121000 4.987209 9.000000
0.700000 0.135000 4.812604 8.000000
0.700000 0.293000 4.485573 8.000000
0.700000 0.157000 4.852890 8.000000
0.700000 0.163000 5.047460 9.000000
0.700000 0.113000 4.777547 8.000000
0.700000 0.107000 4.719214 8.000000
0.700000 0.183000 5.509537 9.000000
0.700000 0.094000 4.149064 7.000000
0.700000 0.266000 8.458308 14.000000
0.700000 0.100000 4.008313 7.000000
0.700000 0.158000 5.791069 10.000000
0.700000 0.161000 4.251683 8.000000
0.700000 0.107000 3.629810 7.000000
0.700000 0.091000 4.177909 7.000000
0.700000 0.239000 5.863855 10.000000
0.700000 0.219000 5.760475 10.000000
0.700000 0.196000 6.734724 11.000000
0.700000 0.109000 4.182045 7.000000
0.700000 0.302000 9.501484 15.000000
0.700000 0.097000 4.499626 8.000000
0.700000 0.086000 4.297609 8.000000
0.700000 0.208000 6.322270 11.000000
0.700000 0.128000 4.730976 8.000000
0.700000 0.375000 5.048319 9.000000
0.700000 0.111000 5.371050 9.000000
0.700000 0.112000 4.430683 8.000000
0.700000 0.204000 7.029766 12.000000
0.700000 0.110000 4.555222 8.000000
0.700000 0.089000 4.175404 7.000000
0.700000 0.174000 5.364773 9.000000
0.700000 0.104000 5.059786 9.000000
0.700000 0.175000 4.706379 8.000000
0.700000 0.095000 3.745543 7.000000
0.750000 0.089000 4.055888 7.000000
0.750000 0.194000 5.274505 9.000000
0.750000 0.082000 3.695352 6.000000
0.750000 0.096000 4.454533 7.000000
0.750000 0.489000 5.000537 8.000000
0.750000 0.158000 5.924722 9.000000
0.750000 0.114000 5.082884 8.000000
0.750000 0.140000 5.090273 8.000000
0.750000 0.137000 4.840230 8.000000
0.750000 0.126000 6.092805 10.000000
0.750000 0.094000 4.306661 7.000000
0.750000 0.095000 4.467413 7.000000
0.750000 0.096000 4.339624 7.000000
0.750000 0.263000 7.564121 12.000000
0.750000 0.135000 4.977123 8.000000
0.750000 0.197000 6.205094 10.000000
0.750000 0.093000 4.240625 7.000000
0.750000 0.091000 4.052670 7.000000
0.750000 0.080000 3.592569 6.000000
0.750000 0.094000 4.352161 7.000000
0.750000 0.100000 4.498336 7.000000
0.750000 0.094000 4.512115 8.000000
0.750000 0.213000 5.068809 8.000000
0.750000 0.178000 5.256465 9.000000
0.750000 0.119000 4.336549 7.000000
0.750000 0.083000 3.443377 6.000000
0.750000 0.079000 3.507046 6.000000
0.750000 0.129000 5.276775 9.000000
0.750000 0.181000 5.487110 9.000000
0.750000 0.090000 4.108622 7.000000
0.750000 0.180000 4.652121 8.000000
0.750000 0.160000 5.010769 8.000000
0.750000 0.111000 4.473235 7.000000
0.750000 0.367000 7.995436 12.000000
0.750000 0.194000 4.213077 7.000000
0.750000 0.124000 4.260812 7.000000
0.750000 0.080000 3.595736 6.000000
0.750000 0.114000 3.983936 7.000000
0.750000 0.242000 6.013277 10.000000
0.750000 0.106000 4.115193 7.000000
0.750000 0.136000 5.352593 9.000000
0.750000 0.103000 4.052313 7.000000
0.750000 0.146000 5.405800 9.000000
0.750000 0.087000 4.237868 7.000000
0.750000 0.099000 3.856173 7.000000
0.750000 0.109000 3.931169 7.000000
0.750000 0.088000 4.068765 7.000000
0.750000 0.333000 8.249913 12.000000
0.750000 0.144000 6.056000 10.000000
0.750000 0.106000 4.062309 7.000000
0.800000 0.140000 4.988286 8.000000
0.800000 0.140000 5.266945 8.000000
0.800000 0.243000 5.848772 9.000000
0.800000 0.230000 5.592498 8.000000
0.800000 0.108000 4.812899 8.000000
0.800000 0.212000 7.446548 11.000000
0.800000 0.109000 5.290853 8.000000
0.800000 0.211000 4.767920 7.000000
0.800000 0.139000 4.690310 7.000000
0.800000 0.099000 4.639909 7.000000
0.800000 0.178000 7.018502 10.000000
0.800000 0.246000 7.233909 11.000000
0.800000 0.099000 4.227715 7.000000
0.800000 0.098000 4.213915 7.000000
0.800000 0.097000 4.247330 7.000000
0.800000 0.204000 6.150773 9.000000
0.800000 0.093000 4.150442 7.000000
0.800000 0.272000 4.307211 7.000000
0.800000 0.152000 4.463465 7.000000
0.800000 0.121000 4.020191 7.000000
0.800000 0.244000 6.851560 10.000000
0.800000 0.096000 4.337021 7.000000
0.800000 0.098000 4.357960 7.000000
0.800000 0.131000 5.669037 9.000000
0.800000 0.138000 4.761339 7.000000
0.800000 0.096000 4.294257 7.000000
0.800000 0.083000 3.520309 6.000000
0.800000 0.082000 3.585233 6.000000
0.800000 0.235000 7.097951 10.000000
0.800000 0.737000 8.592480 12.000000
0.800000 0.139000 4.605266 7.000000
0.800000 0.128000 4.670277 7.000000
0.800000 0.126000 4.592291 7.000000
0.800000 0.134000 4.991341 8.000000
0.800000 0.082000 3.859210 6.000000
0.800000 0.122000 4.008416 7.000000
0.800000 0.093000 4.255693 7.000000
0.800000 0.095000 4.210174 7.000000
0.800000 0.177000 3.901333 6.000000
0.800000 0.114000 4.323637 7.000000
0.800000 0.117000 4.862893 8.000000
0.800000 0.104000 3.985506 6.000000
0.800000 0.163000 4.071552 7.000000
0.800000 0.118000 4.382126 7.000000
0.800000 0.126000 5.602899 9.000000
0.800000 0.182000 7.650904 11.000000
0.800000 0.195000 4.942818 8.000000
0.800000 0.167000 5.446289 8.000000
0.800000 0.376000 6.335600 9.000000
0.800000 0.338000 5.570231 8.000000
0.850000 0.164000 6.087864 9.000000
0.850000 0.221000 4.870714 7.000000
0.850000 0.135000 5.303684 8.000000
0.850000 0.098000 4.265996 7.000000
0.850000 0.177000 5.466533 8.000000
0.850000 0.179000 5.960691 9.000000
0.850000 0.175000 5.441331 8.000000
0.850000 0.139000 4.985437 7.000000
0.850000 0.128000 4.464587 7.000000
0.850000 0.087000 3.645119 6.000000
0.850000 0.160000 6.358946 9.000000
0.850000 0.196000 3.815078 6.000000
0.850000 0.331000 10.630836 14.000000
0.850000 0.144000 5.984778 9.000000
0.850000 0.100000 4.253058 7.000000
0.850000 0.541000 7.993674 11.000000
0.850000 0.093000 4.215715 6.000000
0.850000 0.354000 5.703690 8.000000
0.850000 0.360000 5.286369 8.000000
0.850000 0.117000 4.333832 7.000000
0.850000 0.142000 6.629786 9.000000
0.850000 0.130000 5.315792 8.000000
0.850000 0.107000 4.263195 7.000000
0.850000 0.105000 5.420401 8.000000
0.850000 0.192000 5.529542 8.000000
0.850000 0.082000 3.510831 6.000000
0.850000 0.098000 4.467090 7.000000
0.850000 0.095000 4.164181 6.000000
0.850000 0.099000 4.467661 7.000000
0.850000 0.137000 4.826723 7.000000
0.850000 0.183000 5.155814 8.000000
0.850000 0.123000 3.704275 6.000000
0.850000 0.137000 6.378497 9.000000
0.850000 0.123000 5.440125 8.000000
0.850000 0.127000 4.334348 7.000000
0.850000 0.152000 5.111804 8.000000
0.850000 0.237000 5.053120 7.000000
0.850000 0.103000 3.752771 6.000000
0.850000 0.128000 4.545385 7.000000
0.850000 0.136000 5.958951 9.000000
0.850000 0.102000 5.125173 8.000000
0.850000 0.177000 5.637530 8.000000
0.850000 0.153000 5.099573 7.000000
0.850000 0.082000 3.783269 6.000000
0.850000 0.113000 4.681518 7.000000
0.850000 0.169000 3.550535 6.000000
0.850000 0.238000 5.631769 8.000000
0.850000 0.129000 5.741582 8.000000
0.850000 0.104000 4.995152 7.000000
0.850000 0.117000 4.723607 7.000000
0.900000 0.132000 4.867567 7.000000
0.900000 0.228000 7.185045 9.000000
0.900000 0.275000 6.515433 9.000000
0.900000 0.081000 3.699152 6.000000
0.900000 0.140000 5.147087 7.000000
0.900000 0.110000 5.040597 7.000000
0.900000 0.578000 6.040968 8.000000
0.900000 0.102000 4.990378 7.000000
0.900000 0.157000 4.156331 6.000000
0.900000 0.167000 4.650847 7.000000
0.900000 0.092000 4.399017 6.000000
0.900000 0.146000 4.618197 7.000000
0.900000 0.122000 5.032725 7.000000
0.900000 0.113000 4.944214 7.000000
0.900000 0.091000 4.328019 6.000000
0.900000 0.209000 6.179964 8.000000
0.900000 0.142000 5.220846 7.000000
0.900000 0.109000 5.158534 7.000000
0.900000 0.104000 3.687423 6.000000
0.900000 0.121000 6.458754 9.000000
0.900000 0.097000 4.510262 7.000000
0.900000 0.176000 5.903004 8.000000
0.900000 0.121000 5.145363 7.000000
0.900000 0.104000 4.771597 7.000000
0.900000 0.096000 4.494154 6.000000
0.900000 0.094000 5.001964 7.000000
0.900000 0.381000 4.964353 7.000000
0.900000 0.143000 4.747258 7.000000
0.900000 0.154000 5.071652 7.000000
0.900000 0.089000 3.984690 6.000000
0.900000 0.095000 4.346806 6.000000
0.900000 0.101000 4.546411 7.000000
0.900000 0.095000 4.560713 7.000000
0.900000 0.103000 3.743501 6.000000
0.900000 0.128000 5.394261 7.000000
0.900000 0.095000 4.345644 6.000000
0.900000 0.160000 5.690354 8.000000
0.900000 0.156000 4.585643 7.000000
0.900000 0.117000 3.675968 6.000000
0.900000 0.095000 4.458886 6.000000
0.900000 0.315000 6.084872 8.000000
0.900000 0.137000 6.097356 8.000000
0.900000 0.120000 4.740729 7.000000
0.900000 0.135000 5.777003 8.000000
0.900000 0.162000 6.681548 9.000000
0.900000 0.085000 3.822642 6.000000
0.900000 0.104000 4.378870 6.000000
0.900000 0.105000 4.771215 7.000000
0.900000 0.259000 5.438144 8.000000
0.900000 0.136000 5.293562 7.000000
0.950000 0.131000 5.478096 7.000000
0.950000 0.120000 5.628080 7.000000
0.950000 0.083000 3.867738 6.000000
0.950000 0.505000 7.747635 10.000000
0.950000 0.343000 4.523810 6.000000
0.950000 0.103000 3.663049 5.000000
0.950000 0.087000 3.522461 5.000000
0.950000 0.096000 4.481373 6.000000
0.950000 0.314000 6.918981 9.000000
0.950000 0.158000 4.863692 7.000000
0.950000 0.133000 4.346713 6.000000
0.950000 0.131000 5.046241 7.000000
0.950000 0.080000 3.799497 5.000000
0.950000 0.096000 4.105482 6.000000
0.950000 0.125000 5.549159 7.000000
0.950000 0.097000 4.496648 6.000000
0.950000 0.358000 5.645576 7.000000
0.950000 0.185000 4.794269 7.000000
0.950000 0.118000 3.893917 6.000000
0.950000 0.206000 5.695473 7.000000
0.950000 0.345000 6.165064 8.000000
0.950000 0.124000 6.135358 8.000000
0.950000 0.113000 5.359093 7.000000
0.950000 0.101000 4.687604 6.000000
0.950000 0.097000 4.531802 6.000000
0.950000 0.172000 5.077481 7.000000
0.950000 0.093000 4.514488 6.000000
0.950000 0.081000 3.709156 5.000000
0.950000 0.302000 5.979286 8.000000
0.950000 0.082000 3.732832 5.000000
0.950000 0.132000 5.863723 8.000000
0.950000 0.352000 6.479216 8.000000
0.950000 0.246000 7.663851 10.000000
0.950000 0.161000 4.242427 6.000000
0.950000 0.170000 5.501478 7.000000
0.950000 0.132000 4.591711 6.000000
0.950000 0.204000 5.452005 7.000000
0.950000 0.331000 7.573328 9.000000
0.950000 0.130000 4.284261 6.000000
0.950000 0.194000 6.297138 8.000000
0.950000 0.135000 6.003358 8.000000
0.950000 0.097000 4.473575 6.000000
0.950000 0.145000 5.687504 7.000000
0.950000 0.150000 6.697434 9.000000
0.950000 0.126000 5.003894 7.000000
0.950000 0.095000 4.505486 6.000000
0.950000 0.157000 4.986423 7.000000
0.950000 0.090000 4.037220 6.000000
0.950000 0.135000 5.297771 7.000000
0.950000 0.120000 4.524289 6.000000
1.000000 0.167000 6.280830 8.000000
1.000000 0.129000 3.948993 5.000000
1.000000 0.093000 4.324358 6.000000
1.000000 0.098000 4.573210 6.000000
1.000000 0.250000 6.669700 8.000000
1.000000 0.307000 7.191753 9.000000
1.000000 0.162000 5.524170 7.000000
1.000000 0.179000 5.880034 7.000000
1.000000 0.221000 5.777647 7.000000
1.000000 0.120000 5.206846 7.000000
1.000000 0.097000 4.611039 6.000000
1.000000 0.169000 3.766446 5.000000
1.000000 0.161000 5.544625 7.000000
1.000000 0.092000 4.269251 6.000000
1.000000 0.098000 4.351221 6.000000
1.000000 0.122000 4.726685 6.000000
1.000000 0.137000 4.802517 6.000000
1.000000 0.176000 5.230572 7.000000
1.000000 0.097000 4.513913 6.000000
1.000000 0.227000 6.592681 8.000000
1.000000 0.114000 4.934053 6.000000
1.000000 0.100000 4.366511 6.000000
1.000000 0.124000 5.684724 7.000000
1.000000 0.154000 6.490520 8.000000
1.000000 0.136000 4.225282 6.000000
1.000000 0.165000 7.443677 9.000000
1.000000 0.168000 5.852919 7.000000
1.000000 0.163000 5.349450 7.000000
1.000000 0.105000 4.922732 6.000000
1.000000 0.111000 5.281187 7.000000
1.000000 0.146000 6.454490 8.000000
1.000000 0.312000 7.013040 9.000000
1.000000 0.195000 5.459322 7.000000
1.000000 0.108000 4.574588 6.000000
1.000000 0.161000 7.061846 9.000000
1.000000 0.118000 3.685621 5.000000
1.000000 0.087000 4.025831 6.000000
1.000000 0.177000 6.635936 8.000000
1.000000 0.149000 4.964912 6.000000
1.000000 0.161000 4.746973 6.000000
1.000000 0.144000 6.816933 8.000000
1.000000 0.160000 5.355699 7.000000
1.000000 0.261000 4.895716 6.000000
1.000000 0.186000 6.167636 8.000000
1.000000 0.134000 5.644514 7.000000
1.000000 0.148000 5.424100 7.000000
1.000000 0.201000 6.608292 8.000000
1.000000 0.100000 4.590112 6.000000
1.000000 0.091000 4.226821 6.000000
1.000000 0.138000 4.597781 6.000000
1.050000 0.082000 3.830885 5.000000
1.050000 0.239000 6.927596 8.000000
1.050000 0.286000 6.080306 7.000000
1.050000 0.467000 5.944088 7.000000
1.050000 0.129000 5.510363 7.000000
1.050000 0.114000 5.676326 7.000000
1.050000 0.230000 4.645457 6.000000
1.050000 0.079000 3.867491 5.000000
1.050000 0.107000 4.728166 6.000000
1.050000 0.157000 4.234715 6.000000
1.050000 0.101000 4.672207 6.000000
1.050000 0.089000 4.444682 6.000000
1.050000 0.301000 6.828698 8.000000
1.050000 0.166000 5.668844 7.000000
1.050000 0.113000 5.370939 7.000000
1.050000 0.197000 4.496002 6.000000
1.050000 0.121000 4.471450 6.000000
1.050000 0.124000 5.209898 6.000000
1.050000 0.082000 4.006071 5.000000
1.050000 0.162000 6.947400 8.000000
1.050000 0.094000 4.567063 6.000000
1.050000 0.088000 4.343598 6.000000
1.050000 0.095000 4.468629 6.000000
1.050000 0.204000 6.140095 7.000000
1.050000 0.112000 4.724751 6.000000
1.050000 0.118000 4.377879 6.000000
1.050000 0.124000 5.468071 7.000000
1.050000 0.105000 4.879036 6.000000
1.050000 0.190000 6.621383 8.000000
1.050000 0.368000 5.603532 7.000000
1.050000 0.113000 4.401580 6.000000
1.050000 0.092000 4.346728 6.000000
1.050000 0.123000 4.632812 6.000000
1.050000 0.097000 4.903279 6.000000
1.050000 0.189000 6.484909 8.000000
1.050000 0.156000 7.200133 8.000000
1.050000 0.115000 4.880197 6.000000
1.050000 0.122000 5.145642 6.000000
1.050000 0.466000 5.745077 7.000000
1.050000 0.155000 4.636978 6.000000
1.050000 0.080000 3.853450 5.000000
1.050000 0.101000 4.710367 6.000000
1.050000 0.095000 4.483177 6.000000
1.050000 0.142000 5.249779 6.000000
1.050000 0.120000 6.069321 7.000000
1.050000 0.189000 6.404499 8.000000
1.050000 0.133000 4.801880 6.000000
1.050000 0.114000 5.247104 6.000000
1.050000 0.095000 4.631734 6.000000
1.050000 0.115000 5.167675 6.000000
1.100000 0.094000 4.324015 5.000000
1.100000 0.114000 5.629301 7.000000
1.100000 0.117000 4.593551 6.000000
1.100000 0.096000 4.097772 5.000000
1.100000 0.126000 5.494372 6.000000
1.100000 0.153000 6.045708 7.000000
1.100000 0.175000 6.810855 8.000000
1.100000 0.095000 4.371906 5.000000
1.100000 0.126000 4.732251 6.000000
1.100000 0.181000 5.046992 6.000000
1.100000 0.093000 4.370755 5.000000
1.100000 0.122000 5.919735 7.000000
1.100000 0.091000 4.082159 5.000000
1.100000 0.169000 5.767743 7.000000
1.100000 0.100000 4.597252 6.000000
1.100000 0.415000 9.730862 10.000000
1.100000 0.135000 3.726500 5.000000
1.100000 0.081000 3.888984 5.000000
1.100000 0.100000 4.504565 6.000000
1.100000 0.141000 4.674901 6.000000
1.100000 0.087000 4.139433 5.000000
1.100000 0.257000 6.784190 8.000000
1.100000 0.085000 4.279374 5.000000
1.100000 0.145000 6.649920 8.000000
1.100000 0.158000 4.865557 6.000000
1.100000 0.167000 6.930309 8.000000
1.100000 0.225000 6.892329 8.000000
1.100000 0.216000 7.225244 8.000000
1.100000 0.101000 4.630563 6.000000
1.100000 0.213000 6.343656 7.000000
1.100000 0.173000 6.163497 7.000000
1.100000 0.089000 4.241064 5.000000
1.100000 0.083000 4.187705 5.000000
1.100000 0.107000 5.431359 6.000000
1.100000 0.176000 5.192456 6.000000
1.100000 0.129000 5.071195 6.000000
1.100000 0.097000 4.249596 5.000000
1.100000 0.180000 5.105693 6.000000
1.100000 0.175000 4.409160 6.000000
1.100000 0.097000 4.552134 6.000000
1.100000 0.148000 7.279568 8.000000
1.100000 0.206000 7.306721 8.000000
1.100000 0.205000 8.850133 10.000000
1.100000 0.331000 6.425693 7.000000
1.100000 0.084000 4.085772 5.000000
1.100000 0.116000 3.828889 5.000000
1.100000 0.096000 4.721919 6.000000
1.100000 0.267000 5.359252 6.000000
1.100000 0.126000 5.758942 7.000000
1.100000 0.129000 4.064442 5.000000
1.150000 0.224000 7.843837 8.000000
1.150000 0.102000 4.847161 6.000000
1.150000 0.131000 4.437987 5.000000
1.150000 0.132000 5.886114 7.000000
1.150000 0.252000 6.384737 7.000000
1.150000 0.113000 3.961711 5.000000
1.150000 0.080000 3.751074 5.000000
1.150000 0.239000 7.095036 8.000000
1.150000 0.122000 4.528827 5.000000
1.150000 0.192000 5.082301 6.000000
1.150000 0.103000 4.853011 6.000000
1.150000 0.116000 5.137287 6.000000
1.150000 0.156000 6.311182 7.000000
1.150000 0.388000 9.836660 10.000000
1.150000 0.268000 6.152453 7.000000
1.150000 0.198000 7.525345 8.000000
1.150000 0.128000 5.624583 6.000000
1.150000 0.208000 7.333430 8.000000
1.150000 0.080000 4.051361 5.000000
1.150000 0.148000 4.930250 6.000000
1.150000 0.153000 5.821405 7.000000
1.150000 0.097000 4.730759 6.000000
1.150000 0.154000 6.761523 7.000000
1.150000 0.656000 7.882034 8.000000
1.150000 0.094000 4.389664 5.000000
1.150000 0.145000 5.403099 6.000000
1.150000 0.330000 7.417277 8.000000
1.150000 0.158000 6.143422 7.000000
1.150000 0.340000 7.554506 8.000000
1.150000 0.084000 4.154409 5.000000
1.150000 0.096000 4.369886 5.000000
1.150000 0.459000 7.397091 8.000000
1.150000 0.121000 4.487732 5.000000
1.150000 0.237000 3.581247 5.000000
1.150000 0.087000 4.071760 5.000000
1.150000 0.096000 4.841712 6.000000
1.150000 0.116000 3.720994 5.000000
1.150000 0.299000 4.829516 6.000000
1.150000 0.119000 5.548388 6.000000
1.150000 0.246000 8.879391 9.000000
1.150000 0.110000 3.831255 5.000000
1.150000 0.172000 6.199881 7.000000
1.150000 0.199000 5.046299 6.000000
1.150000 0.092000 4.210175 5.000000
1.150000 0.167000 5.471347 6.000000
1.150000 0.115000 3.918761 5.000000
1.150000 0.307000 6.100893 7.000000
1.150000 0.162000 4.206636 5.000000
1.150000 0.099000 4.675711 6.000000
1.150000 0.241000 6.610130 7.000000
1.200000 0.360000 6.609238 7.000000
1.200000 0.136000 3.969228 5.000000
1.200000 0.181000 5.300770 6.000000
1.200000 0.178000 4.887420 6.000000
1.200000 0.094000 4.681047 5.000000
1.200000 0.098000 4.102753 5.000000
1.200000 0.096000 4.719436 5.000000
1.200000 0.097000 4.914559 6.000000
1.200000 0.301000 6.743210 7.000000
1.200000 0.092000 4.689190 5.000000
1.200000 0.143000 5.528031 6.000000
1.200000 0.119000 4.554248 5.000000
1.200000 0.149000 6.563921 7.000000
1.200000 0.136000 7.159357 7.000000
1.200000 0.105000 5.292680 6.000000
1.200000 0.109000 5.105782 6.000000
1.200000 0.307000 6.178432 7.000000
1.200000 0.123000 4.617441 5.000000
1.200000 0.091000 4.489945 5.000000
1.200000 0.167000 5.858522 6.000000
1.200000 0.236000 5.556319 6.000000
1.200000 0.198000 5.994114 6.000000
1.200000 0.202000 6.645065 7.000000
1.200000 0.120000 5.537216 6.000000
1.200000 0.378000 4.377291 5.000000
1.200000 0.179000 5.069476 6.000000
1.200000 0.188000 4.913952 6.000000
1.200000 0.155000 5.680922 6.000000
1.200000 0.397000 7.619937 8.000000
1.200000 0.284000 10.368221 10.000000
1.200000 0.103000 4.870159 6.000000
1.200000 0.096000 4.729907 5.000000
1.200000 0.108000 3.874347 5.000000
1.200000 0.162000 5.261958 6.000000
1.200000 0.086000 3.584599 4.000000
1.200000 0.135000 4.563797 5.000000
1.200000 0.099000 4.800379 6.000000
1.200000 0.103000 4.676458 5.000000
1.200000 0.202000 5.752415 6.000000
1.200000 0.127000 5.997459 6.000000
1.200000 0.097000 4.776911 5.000000
1.200000 0.140000 5.047097 6.000000
1.200000 0.137000 5.617067 6.000000
1.200000 0.167000 5.915222 6.000000
1.200000 0.250000 5.384149 6.000000
1.200000 0.292000 7.615496 8.000000
1.200000 0.272000 6.443322 7.000000
1.200000 0.266000 7.040446 7.000000
1.200000 0.177000 4.392353 5.000000
1.200000 0.206000 4.879850 6.000000
1.250000 0.109000 5.391174 6.000000
1.250000 0.189000 5.242962 6.000000
1.250000 0.130000 5.355012 6.000000
1.250000 0.094000 4.577135 5.000000
1.250000 0.141000 4.727125 5.000000
1.250000 0.194000 5.815860 6.000000
1.250000 0.270000 5.277198 6.000000
1.250000 0.095000 4.382709 5.000000
1.250000 0.128000 4.927918 5.000000
1.250000 0.157000 6.087227 6.000000
1.250000 0.081000 3.565105 4.000000
1.250000 0.170000 6.576045 7.000000
1.250000 0.080000 3.577817 4.000000
1.250000 0.119000 6.057300 6.000000
1.250000 0.098000 4.702170 5.000000
1.250000 0.198000 7.056915 7.000000
1.250000 0.150000 6.010684 6.000000
1.250000 0.160000 4.946652 5.000000
1.250000 0.221000 9.338597 9.000000
1.250000 0.093000 4.698506 5.000000
1.250000 0.130000 4.774562 5.000000
1.250000 0.137000 5.259601 6.000000
1.250000 0.237000 7.655449 8.000000
1.250000 0.139000 3.502554 4.000000
1.250000 0.094000 4.398047 5.000000
1.250000 0.097000 4.709406 5.000000
1.250000 0.128000 5.820270 6.000000
1.250000 0.167000 4.456596 5.000000
1.250000 0.250000 5.987556 6.000000
1.250000 0.104000 5.076383 6.000000
1.250000 0.137000 4.973612 5.000000
1.250000 0.116000 4.601329 5.000000
1.250000 0.123000 4.536914 5.000000
1.250000 0.497000 8.174202 8.000000
1.250000 0.339000 9.928269 9.000000
1.250000 0.133000 4.501058 5.000000
1.250000 0.199000 5.056106 6.000000
1.250000 0.111000 4.948827 5.000000
1.250000 0.207000 5.678334 6.000000
1.250000 0.177000 6.369693 7.000000
1.250000 0.203000 5.744290 6.000000
1.250000 0.087000 4.325426 5.000000
1.250000 0.357000 7.994951 8.000000
1.250000 0.173000 4.213557 5.000000
1.250000 0.134000 4.956164 5.000000
1.250000 0.103000 4.899690 5.000000
1.250000 0.185000 6.881024 7.000000
1.250000 0.118000 5.560085 6.000000
1.250000 0.261000 8.111785 8.000000
1.250000 0.156000 5.586040 6.000000
1.300000 0.105000 4.607242 5.000000
1.300000 0.103000 5.023900 5.000000
1.300000 0.223000 6.891745 7.000000
1.300000 0.225000 3.921003 5.000000
1.300000 0.082000 4.207526 5.000000
1.300000 0.107000 5.346257 6.000000
1.300000 0.097000 4.796595 5.000000
1.300000 0.100000 5.064483 5.000000
1.300000 0.107000 5.132417 5.000000
1.300000 0.126000 4.567713 5.000000
1.300000 0.180000 5.187152 5.000000
1.300000 0.126000 4.673381 5.000000
1.300000 0.102000 4.918057 5.000000
1.300000 0.103000 5.024678 5.000000
1.300000 0.087000 4.284470 5.000000
1.300000 0.251000 7.527405 7.000000
1.300000 0.172000 5.803047 6.000000
1.300000 0.172000 7.121162 7.000000
1.300000 0.243000 6.775247 7.000000
1.300000 0.212000 6.750305 7.000000
1.300000 0.117000 4.447650 5.000000
1.300000 0.144000 4.292867 5.000000
1.300000 0.207000 4.347925 5.000000
1.300000 0.101000 5.302418 6.000000
1.300000 0.137000 5.876390 6.000000
1.300000 0.094000 4.676482 5.000000
1.300000 0.125000 6.009369 6.000000
1.300000 0.226000 5.716630 6.000000
1.300000 0.124000 3.985638 5.000000
1.300000 0.176000 5.670457 6.000000
1.300000 0.140000 6.060223 6.000000
1.300000 0.172000 5.059012 5.000000
1.300000 0.091000 4.486234 5.000000
1.300000 0.210000 5.913027 6.000000
1.300000 0.117000 5.111092 5.000000
1.300000 0.133000 6.875995 7.000000
1.300000 0.122000 6.119364 6.000000
1.300000 0.122000 3.953520 5.000000
1.300000 0.097000 4.659683 5.000000
1.300000 0.154000 6.469360 6.000000
1.300000 0.159000 6.525417 7.000000
1.300000 0.169000 7.335206 7.000000
1.300000 0.141000 4.919274 5.000000
1.300000 0.140000 6.091712 6.000000
1.300000 0.128000 6.087531 6.000000
1.300000 0.103000 5.007475 5.000000
1.300000 0.145000 6.045855 6.000000
1.300000 0.105000 4.736560 5.000000
1.300000 0.311000 4.857566 5.000000
1.300000 0.129000 6.171643 6.000000
1.350000 0.098000 5.004187 5.000000
1.350000 0.110000 5.679143 6.000000
1.350000 0.322000 9.118380 8.000000
1.350000 0.102000 5.003741 5.000000
1.350000 0.131000 5.308016 5.000000
1.350000 0.111000 4.696835 5.000000
1.350000 0.102000 5.103069 5.000000
1.350000 0.170000 7.282928 7.000000
1.350000 0.219000 8.149219 8.000000
1.350000 0.165000 6.564882 6.000000
1.350000 0.562000 10.732908 9.000000
1.350000 0.081000 4.080173 5.000000
1.350000 0.151000 7.472941 7.000000
1.350000 0.098000 4.930173 5.000000
1.350000 0.122000 4.850950 5.000000
1.350000 0.159000 7.058566 7.000000
1.350000 0.177000 5.747113 6.000000
1.350000 0.162000 4.935932 5.000000
1.350000 0.102000 5.070641 5.000000
1.350000 0.295000 6.690010 6.000000
1.350000 0.180000 6.518609 6.000000
1.350000 0.182000 5.922102 6.000000
1.350000 0.171000 6.657644 6.000000
1.350000 0.095000 4.882067 5.000000
1.350000 0.127000 5.869351 6.000000
1.350000 0.377000 5.992715 6.000000
1.350000 0.100000 4.913272 5.000000
1.350000 0.217000 5.678086 6.000000
1.350000 0.168000 5.919453 6.000000
1.350000 0.266000 4.167777 5.000000
1.350000 0.347000 6.205150 6.000000
1.350000 0.130000 5.169040 5.000000
1.350000 0.165000 5.935097 6.000000
1.350000 0.115000 6.246411 6.000000
1.350000 0.186000 6.931357 7.000000
1.350000 0.167000 5.808177 6.000000
1.350000 0.192000 7.956647 7.000000
1.350000 0.116000 5.778175 6.000000
1.350000 0.094000 4.749881 5.000000
1.350000 0.186000 5.437374 6.000000
1.350000 0.481000 7.096600 7.000000
1.350000 0.144000 6.839912 7.000000
1.350000 0.108000 5.634843 6.000000
1.350000 0.256000 5.652293 6.000000
1.350000 0.233000 7.152257 7.000000
1.350000 0.176000 7.131378 7.000000
1.350000 0.146000 5.927396 6.000000
1.350000 0.161000 5.463117 6.000000
1.350000 0.382000 7.475618 7.000000
1.350000 0.147000 7.205720 7.000000
1.400000 0.279000 8.799329 8.000000
1.400000 0.138000 5.169535 5.000000
1.400000 0.128000 6.277787 6.000000
1.400000 0.146000 7.240243 7.000000
1.400000 0.172000 6.949033 6.000000
1.400000 0.118000 4.655514 5.000000
1.400000 0.192000 8.292883 7.000000
1.400000 0.139000 6.411006 6.000000
1.400000 0.111000 5.594862 5.000000
1.400000 0.138000 4.920544 5.000000
1.400000 0.120000 6.066899 6.000000
1.400000 0.171000 5.709686 6.000000
1.400000 0.159000 5.757142 6.000000
1.400000 0.101000 4.770782 5.000000
1.400000 0.235000 8.342552 7.000000
1.400000 0.148000 5.632073 6.000000
1.400000 0.121000 5.587890 5.000000
1.400000 0.123000 6.324274 6.000000
1.400000 0.098000 4.976285 5.000000
1.400000 0.181000 5.833622 6.000000
1.400000 0.111000 5.322247 5.000000
1.400000 0.149000 6.595100 6.000000
1.400000 0.120000 6.109361 6.000000
1.400000 0.232000 4.544256 5.000000
1.400000 0.217000 4.851649 5.000000
1.400000 0.092000 4.532143 5.000000
1.400000 0.118000 5.649740 6.000000
1.400000 0.094000 4.793296 5.000000
1.400000 0.108000 5.762153 6.000000
1.400000 0.173000 5.497066 5.000000
1.400000 0.157000 6.478485 6.000000
1.400000 0.163000 6.371563 6.000000
1.400000 0.127000 4.871625 5.000000
1.400000 0.119000 5.035566 5.000000
1.400000 0.151000 7.257611 7.000000
1.400000 0.382000 10.748775 9.000000
1.400000 0.176000 5.940936 6.000000
1.400000 0.344000 11.001505 9.000000
1.400000 0.260000 10.667892 9.000000
1.400000 0.102000 5.162163 5.000000
1.400000 0.134000 7.352423 7.000000
1.400000 0.289000 8.167978 7.000000
1.400000 0.234000 5.572075 5.000000
1.400000 0.097000 4.672193 5.000000
1.400000 0.176000 6.395726 6.000000
1.400000 0.095000 4.684350 5.000000
1.400000 0.161000 5.007079 5.000000
1.400000 0.160000 7.475271 7.000000
1.400000 0.356000 7.374465 7.000000
1.400000 0.186000 7.700003 7.000000
1.450000 0.264000 4.711320 5.000000
1.450000 0.205000 8.222159 7.000000
1.450000 0.345000 5.504400 5.000000
1.450000 0.251000 6.838344 6.000000
1.450000 0.110000 5.334596 5.000000
1.450000 0.162000 4.573506 5.000000
1.450000 0.149000 5.289254 5.000000
1.450000 0.086000 4.485730 5.000000
1.450000 0.525000 10.690688 9.000000
1.450000 0.363000 4.806585 5.000000
1.450000 0.143000 5.741518 5.000000
1.450000 0.145000 3.787316 4.000000
1.450000 0.095000 4.630400 5.000000
1.450000 0.139000 5.390468 5.000000
1.450000 0.118000 5.301953 5.000000
1.450000 0.080000 3.940902 4.000000
1.450000 0.108000 5.449306 5.000000
1.450000 0.220000 11.090186 9.000000
1.450000 0.130000 5.912631 6.000000
1.450000 0.211000 3.974738 4.000000
1.450000 0.258000 5.213404 5.000000
1.450000 0.135000 7.997553 7.000000
1.450000 0.371000 8.554122 7.000000
1.450000 0.101000 5.491067 5.000000
1.450000 0.289000 8.112776 7.000000
1.450000 0.198000 5.298651 5.000000
1.450000 0.146000 5.271725 5.000000
1.450000 0.226000 5.529771 5.000000
1.450000 0.210000 5.064370 5.000000
1.450000 0.269000 7.218893 6.000000
1.450000 0.182000 6.402455 6.000000
1.450000 0.210000 8.700349 8.000000
1.450000 0.184000 7.152203 6.000000
1.450000 0.109000 3.653896 4.000000
1.450000 0.170000 7.712884 7.000000
1.450000 0.115000 5.051807 5.000000
1.450000 0.121000 5.423659 5.000000
1.450000 0.087000 4.455328 5.000000
1.450000 0.120000 5.798970 5.000000
1.450000 0.139000 7.238624 6.000000
1.450000 0.202000 5.620405 5.000000
1.450000 0.307000 7.067427 6.000000
1.450000 0.124000 4.415205 5.000000
1.450000 0.226000 6.563523 6.000000
1.450000 0.107000 5.249393 5.000000
1.450000 0.196000 4.738893 5.000000
1.450000 0.105000 4.702237 5.000000
1.450000 0.336000 5.743581 5.000000
1.450000 0.079000 4.215214 4.000000
1.450000 0.141000 6.509966 6.000000
1.500000 0.227000 7.901283 7.000000
1.500000 0.420000 5.576782 5.000000
1.500000 0.116000 5.427689 5.000000
1.500000 0.154000 8.106015 7.000000
1.500000 0.240000 6.525121 6.000000
1.500000 0.211000 7.535444 7.000000
1.500000 0.158000 3.660227 4.000000
1.500000 0.138000 6.779379 6.000000
1.500000 0.133000 6.600818 6.000000
1.500000 0.118000 5.370621 5.000000
1.500000 0.105000 5.170578 5.000000
1.500000 0.160000 5.385961 5.000000
1.500000 0.103000 5.244353 5.000000
1.500000 0.295000 7.163130 6.000000
1.500000 0.121000 5.710208 5.000000
1.500000 0.099000 5.050008 5.000000
1.500000 0.325000 10.838062 9.000000
1.500000 0.229000 6.224219 6.000000
1.500000 0.138000 5.617815 5.000000
1.500000 0.122000 4.755428 5.000000
1.500000 0.111000 5.451201 5.000000
1.500000 0.159000 4.150248 4.000000
1.500000 0.101000 5.302621 5.000000
1.500000 0.140000 5.049160 5.000000
1.500000 0.237000 11.532936 9.000000
1.500000 0.185000 4.412245 4.000000
1.500000 0.233000 7.514299 7.000000
1.500000 0.153000 5.790862 5.000000
1.500000 0.122000 5.914751 5.000000
1.500000 0.143000 5.377088 5.000000
1.500000 0.201000 10.008247 8.000000
1.500000 0.169000 5.140060 5.000000
1.500000 0.086000 4.164627 4.000000
1.500000 0.118000 5.351345 5.000000
1.500000 0.110000 5.645273 5.000000
1.500000 0.105000 5.335371 5.000000
1.500000 0.175000 7.019803 6.000000
1.500000 0.103000 5.286108 5.000000
1.500000 0.305000 6.049957 6.000000
1.500000 0.106000 5.285529 5.000000
1.500000 0.079000 3.869750 4.000000
1.500000 0.311000 10.300425 8.000000
1.500000 0.143000 5.250326 5.000000
1.500000 0.354000 10.554494 9.000000
1.500000 0.095000 5.102695 5.000000
1.500000 0.161000 7.106385 6.000000
1.500000 0.187000 5.438696 5.000000
1.500000 0.139000 7.257706 6.000000
1.500000 0.165000 7.344570 6.000000
1.500000 0.115000 5.468493 5.000000
1.550000 0.115000 6.040798 5.000000
1.550000 0.149000 5.829828 5.000000
1.550000 0.626000 4.348898 4.000000
1.550000 0.270000 7.919024 7.000000
1.550000 0.210000 9.138160 7.000000
1.550000 0.089000 4.651927 5.000000
1.550000 0.235000 5.032152 5.000000
1.550000 0.281000 6.545588 6.000000
1.550000 0.112000 5.478632 5.000000
1.550000 0.178000 6.065874 5.000000
1.550000 0.120000 6.344630 6.000000
1.550000 0.160000 5.338283 5.000000
1.550000 0.114000 5.471774 5.000000
1.550000 0.107000 5.560981 5.000000
1.550000 0.089000 4.854511 5.000000
1.550000 0.110000 5.529610 5.000000
1.550000 0.108000 5.232921 5.000000
1.550000 0.163000 6.928059 6.000000
1.550000 0.134000 6.428206 6.000000
1.550000 0.265000 5.882499 5.000000
1.550000 0.293000 8.166265 7.000000
1.550000 0.153000 3.754966 4.000000
1.550000 0.242000 6.725799 6.000000
1.550000 0.287000 7.715652 6.000000
1.550000 0.149000 5.321789 5.000000
1.550000 0.151000 6.881323 6.000000
1.550000 0.171000 5.111146 5.000000
1.550000 0.159000 6.581077 6.000000
1.550000 0.141000 7.376267 6.000000
1.550000 0.116000 4.971407 5.000000
1.550000 0.137000 4.723158 5.000000
1.550000 0.157000 4.407155 4.000000
1.550000 0.121000 5.534070 5.000000
1.550000 0.098000 4.571156 4.000000
1.550000 0.487000 3.831254 4.000000
1.550000 0.119000 5.627779 5.000000
1.550000 0.442000 8.722223 7.000000
1.550000 0.216000 9.058464 7.000000
1.550000 0.196000 6.009674 5.000000
1.550000 0.183000 8.830040 7.000000
1.550000 0.230000 7.938444 7.000000
1.550000 0.112000 5.495699 5.000000
1.550000 0.194000 6.309679 6.000000
1.550000 0.246000 6.663642 6.000000
1.550000 0.081000 3.798318 4.000000
1.550000 0.150000 6.496709 6.000000
1.550000 0.190000 6.420516 6.000000
1.550000 0.206000 5.486183 5.000000
1.550000 0.128000 7.345641 6.000000
1.550000 0.122000 6.190773 5.000000
1.600000 0.309000 5.404618 5.000000
1.600000 0.240000 6.831448 6.000000
1.600000 0.112000 4.148525 4.000000
1.600000 0.099000 5.247170 5.000000
1.600000 0.142000 6.522279 6.000000
1.600000 0.299000 8.162122 7.000000
1.600000 0.105000 5.367076 5.000000
1.600000 0.148000 8.538050 7.000000
1.600000 0.329000 5.927442 5.000000
1.600000 0.223000 4.472956 4.000000
1.600000 0.202000 7.827118 6.000000
1.600000 0.151000 7.124414 6.000000
1.600000 0.088000 4.798440 4.000000
1.600000 0.339000 6.364697 5.000000
1.600000 0.110000 5.384617 5.000000
1.600000 0.102000 5.254552 5.000000
1.600000 0.105000 5.223759 5.000000
1.600000 0.114000 5.511892 5.000000
1.600000 0.150000 6.081853 5.000000
1.600000 0.189000 7.162937 6.000000
1.600000 0.117000 5.640432 5.000000
1.600000 0.106000 5.112529 5.000000
1.600000 0.120000 5.691189 5.000000
1.600000 0.182000 6.998647 6.000000
1.600000 0.174000 5.469214 5.000000
1.600000 0.111000 5.578599 5.000000
1.600000 0.206000 5.603929 5.000000
1.600000 0.173000 5.529919 5.000000
1.600000 0.155000 8.067795 7.000000
1.600000 0.108000 5.783331 5.000000
1.600000 0.110000 5.421329 5.000000
1.600000 0.087000 4.525549 4.000000
1.600000 0.329000 10.074151 8.000000
1.600000 0.307000 6.984082 6.000000
1.600000 0.109000 5.424238 5.000000
1.600000 0.159000 6.711892 6.000000
1.600000 0.183000 7.921884 6.000000
1.600000 0.137000 5.337160 5.000000
1.600000 0.345000 6.909416 6.000000
1.600000 0.147000 6.548921 6.000000
1.600000 0.156000 7.450616 6.000000
1.600000 0.127000 4.503999 4.000000
1.600000 0.117000 3.799803 4.000000
1.600000 0.133000 4.005977 4.000000
1.600000 0.139000 7.606336 6.000000
1.600000 0.097000 5.085741 5.000000
1.600000 0.140000 5.312731 5.000000
1.600000 0.108000 5.505658 5.000000
1.600000 0.090000 4.675315 4.000000
1.600000 0.098000 5.086840 5.000000
1.650000 0.196000 6.305441 5.000000
1.650000 0.112000 4.651824 4.000000
1.650000 0.081000 4.399683 4.000000
1.650000 0.102000 5.105165 5.000000
1.650000 0.214000 5.805180 5.000000
1.650000 0.103000 5.435122 5.000000
1.650000 0.104000 4.882926 4.000000
1.650000 0.094000 4.865102 4.000000
1.650000 0.201000 7.417678 6.000000
1.650000 0.145000 6.611233 6.000000
1.650000 0.380000 10.098665 8.000000
1.650000 0.179000 5.757367 5.000000
1.650000 0.082000 4.369669 4.000000
1.650000 0.099000 4.720212 4.000000
1.650000 0.113000 6.239052 5.000000
1.650000 0.089000 4.510986 4.000000
1.650000 0.172000 6.446648 5.000000
1.650000 0.107000 5.440285 5.000000
1.650000 0.119000 5.570998 5.000000
1.650000 0.122000 5.837321 5.000000
1.650000 0.198000 5.808206 5.000000
1.650000 0.117000 5.687260 5.000000
1.650000 0.164000 6.059427 5.000000
1.650000 0.091000 4.802057 4.000000
1.650000 0.460000 7.578793 6.000000
1.650000 0.430000 6.593907 5.000000
1.650000 0.352000 6.448044 5.000000
1.650000 0.155000 8.244347 6.000000
1.650000 0.157000 7.162836 6.000000
1.650000 0.081000 4.236400 4.000000
1.650000 0.154000 6.116609 5.000000
1.650000 0.130000 4.561299 4.000000
1.650000 0.134000 5.339771 5.000000
1.650000 0.156000 6.422751 5.000000
1.650000 0.148000 7.004139 6.000000
1.650000 0.231000 4.962735 5.000000
1.650000 0.257000 10.100015 8.000000
1.650000 0.206000 6.055213 5.000000
1.650000 0.248000 6.387424 5.000000
1.650000 0.206000 9.727898 7.000000
1.650000 0.138000 5.127726 5.000000
1.650000 0.137000 6.988507 6.000000
1.650000 0.234000 7.074376 6.000000
1.650000 0.307000 9.601842 7.000000
1.650000 0.108000 5.491397 5.000000
1.650000 0.113000 5.444904 5.000000
1.650000 0.147000 5.495039 5.000000
1.650000 0.340000 7.528042 6.000000
1.650000 0.106000 5.492035 5.000000
1.650000 0.100000 5.438669 5.000000
1.700000 0.103000 5.256221 5.000000
1.700000 0.098000 5.755225 5.000000
1.700000 0.130000 6.357410 5.000000
1.700000 0.175000 6.194220 5.000000
1.700000 0.090000 4.791066 4.000000
1.700000 0.293000 5.954710 5.000000
1.700000 0.210000 8.396005 6.000000
1.700000 0.103000 5.167716 5.000000
1.700000 0.125000 6.851064 6.000000
1.700000 0.085000 4.162367 4.000000
1.700000 0.294000 6.192244 5.000000
1.700000 0.096000 4.028850 4.000000
1.700000 0.268000 6.978576 6.000000
1.700000 0.107000 5.410808 5.000000
1.700000 0.123000 5.921057 5.000000
1.700000 0.215000 9.443190 7.000000
1.700000 0.098000 5.088224 4.000000
1.700000 0.087000 4.124618 4.000000
1.700000 0.244000 10.359001 8.000000
1.700000 0.347000 5.356616 5.000000
1.700000 0.254000 6.209898 5.000000
1.700000 0.267000 5.234587 5.000000
1.700000 0.122000 5.167354 5.000000
1.700000 0.258000 8.419667 6.000000
1.700000 0.085000 4.567351 4.000000
1.700000 0.228000 9.547326 7.000000
1.700000 0.169000 5.433105 5.000000
1.700000 0.129000 5.038940 4.000000
1.700000 0.109000 5.689640 5.000000
1.700000 0.255000 8.055345 6.000000
1.700000 0.124000 4.308821 4.000000
1.700000 0.195000 6.480832 5.000000
1.700000 0.158000 6.411260 5.000000
1.700000 0.285000 12.128222 9.000000
1.700000 0.115000 6.193636 5.000000
1.700000 0.223000 6.124542 5.000000
1.700000 0.096000 5.113467 5.000000
1.700000 0.156000 7.913089 6.000000
1.700000 0.187000 4.251160 4.000000
1.700000 0.252000 9.042393 7.000000
1.700000 0.105000 5.444901 5.000000
1.700000 0.242000 7.844285 6.000000
1.700000 0.131000 3.768387 4.000000
1.700000 0.141000 6.482906 5.000000
1.700000 0.149000 6.148671 5.000000
1.700000 0.237000 7.879054 6.000000
1.700000 0.119000 5.635496 5.000000
1.700000 0.103000 5.367331 5.000000
1.700000 0.171000 6.755988 5.000000
1.700000 0.091000 4.625503 4.000000
1.750000 0.220000 6.037509 5.000000
1.750000 0.243000 6.029947 5.000000
1.750000 0.115000 5.941149 5.000000
1.750000 0.103000 5.489379 5.000000
1.750000 0.256000 5.691436 5.000000
1.750000 0.158000 6.074732 5.000000
1.750000 0.137000 7.398246 6.000000
1.750000 0.122000 6.597313 5.000000
1.750000 0.152000 5.070984 4.000000
1.750000 0.192000 4.087863 4.000000
1.750000 0.141000 5.611322 5.000000
1.750000 0.238000 12.006775 8.000000
1.750000 0.127000 4.797595 4.000000
1.750000 0.131000 6.481621 5.000000
1.750000 0.113000 5.502941 5.000000
1.750000 0.197000 4.861500 4.000000
1.750000 0.417000 6.921335 5.000000
1.750000 0.097000 4.564682 4.000000
1.750000 0.131000 5.902550 5.000000
1.750000 0.114000 5.811671 5.000000
1.750000 0.083000 4.098227 4.000000
1.750000 0.101000 5.277641 5.000000
1.750000 0.119000 5.831294 5.000000
1.750000 0.123000 6.133211 5.000000
1.750000 0.181000 6.531465 5.000000
1.750000 0.113000 5.757327 5.000000
1.750000 0.307000 4.745709 4.000000
1.750000 0.241000 4.908427 4.000000
1.750000 0.105000 6.170675 5.000000
1.750000 0.212000 9.142548 7.000000
1.750000 0.107000 5.800490 5.000000
1.750000 0.127000 4.773520 4.000000
1.750000 0.125000 5.772927 5.000000
1.750000 0.187000 5.640379 5.000000
1.750000 0.116000 5.990200 5.000000
1.750000 0.153000 6.144096 5.000000
1.750000 0.499000 13.485810 9.000000
1.750000 0.106000 5.385365 5.000000
1.750000 0.095000 5.043471 4.000000
1.750000 0.301000 4.983915 4.000000
1.750000 0.090000 4.142132 4.000000
1.750000 0.085000 4.613646 4.000000
1.750000 0.253000 6.538346 5.000000
1.750000 0.166000 7.349555 6.000000
1.750000 0.140000 5.801108 5.000000
1.750000 0.251000 5.345316 5.000000
1.750000 0.221000 6.716678 5.000000
1.750000 0.155000 6.428222 5.000000
1.750000 0.147000 6.985965 5.000000
1.750000 0.080000 4.177168 4.000000
1.800000 0.139000 6.927049 5.000000
1.800000 0.283000 8.323088 6.000000
1.800000 0.291000 5.880869 5.000000
1.800000 0.118000 4.093671 4.000000
1.800000 0.127000 5.679326 5.000000
1.800000 0.089000 4.292048 4.000000
1.800000 0.271000 7.468174 6.000000
1.800000 0.088000 4.525971 4.000000
1.800000 0.198000 6.087412 5.000000
1.800000 0.161000 5.998513 5.000000
1.800000 0.295000 5.483795 5.000000
1.800000 0.099000 5.114558 4.000000
1.800000 0.295000 5.555988 5.000000
1.800000 0.287000 10.719953 7.000000
1.800000 0.137000 6.447859 5.000000
1.800000 0.175000 5.986655 5.000000
1.800000 0.103000 5.269753 4.000000
1.800000 0.107000 5.698140 5.000000
1.800000 0.132000 6.569538 5.000000
1.800000 0.178000 9.259684 7.000000
1.800000 0.119000 6.193038 5.000000
1.800000 0.103000 4.845136 4.000000
1.800000 0.252000 5.406479 5.000000
1.800000 0.152000 6.480374 5.000000
1.800000 0.109000 5.568009 5.000000
1.800000 0.150000 5.748399 5.000000
1.800000 0.206000 6.789042 5.000000
1.800000 0.110000 5.751422 5.000000
1.800000 0.116000 6.598635 5.000000
1.800000 0.123000 5.709561 5.000000
1.800000 0.227000 5.661786 5.000000
1.800000 0.263000 10.037830 7.000000
1.800000 0.081000 4.537011 4.000000
1.800000 0.133000 5.734281 5.000000
1.800000 0.166000 6.404205 5.000000
1.800000 0.424000 6.364617 5.000000
1.800000 0.269000 8.634772 6.000000
1.800000 0.194000 6.533703 5.000000
1.800000 0.112000 5.870528 5.000000
1.800000 0.209000 6.120194 5.000000
1.800000 0.134000 6.466955 5.000000
1.800000 0.210000 8.315963 6.000000
1.800000 0.142000 4.249747 4.000000
1.800000 0.111000 5.873027 5.000000
1.800000 0.145000 6.542881 5.000000
1.800000 0.512000 3.837978 4.000000
1.800000 0.169000 6.333223 5.000000
1.800000 0.115000 5.476042 5.000000
1.800000 0.124000 6.277937 5.000000
1.800000 0.132000 4.193075 4.000000
1.850000 0.166000 5.656603 5.000000
1.850000 0.163000 6.474834 5.000000
1.850000 0.146000 6.923485 5.000000
1.850000 0.089000 5.112547 4.000000
1.850000 0.117000 6.373569 5.000000
1.850000 0.363000 7.778520 6.000000
1.850000 0.147000 4.815540 4.000000
1.850000 0.101000 5.392162 4.000000
1.850000 0.378000 7.506707 6.000000
1.850000 0.317000 9.280556 7.000000
1.850000 0.134000 4.664769 4.000000
1.850000 0.315000 6.586911 5.000000
1.850000 0.117000 6.046336 5.000000
1.850000 0.237000 11.841980 8.000000
1.850000 0.280000 7.961061 6.000000
1.850000 0.358000 6.823454 5.000000
1.850000 0.204000 5.864438 5.000000
1.850000 0.158000 8.000320 6.000000
1.850000 0.141000 7.047066 5.000000
1.850000 0.176000 9.334880 7.000000
1.850000 0.117000 5.825364 5.000000
1.850000 0.124000 6.704805 5.000000
1.850000 0.156000 7.663511 6.000000
1.850000 0.103000 5.464509 4.000000
1.850000 0.257000 8.366447 6.000000
1.850000 0.201000 9.306385 7.000000
1.850000 0.162000 8.030035 6.000000
1.850000 0.235000 7.313025 5.000000
1.850000 0.277000 6.025893 5.000000
1.850000 0.133000 6.489961 5.000000
1.850000 0.141000 5.175383 4.000000
1.850000 0.127000 6.390022 5.000000
1.850000 0.149000 5.232325 4.000000
1.850000 0.276000 9.938304 7.000000
1.850000 0.227000 5.285231 4.000000
1.850000 0.145000 7.194961 5.000000
1.850000 0.210000 6.241448 5.000000
1.850000 0.299000 8.262125 6.000000
1.850000 0.112000 5.624017 5.000000
1.850000 0.087000 4.988569 4.000000
1.850000 0.142000 7.658055 6.000000
1.850000 0.213000 8.644547 6.000000
1.850000 0.145000 6.225636 5.000000
1.850000 0.222000 6.851732 5.000000
1.850000 0.128000 5.026216 4.000000
1.850000 0.116000 5.698301 5.000000
1.850000 0.276000 8.680575 6.000000
1.850000 0.089000 4.044580 4.000000
1.850000 0.108000 5.605631 5.000000
1.850000 0.194000 5.714390 5.000000
1.900000 0.125000 6.397762 5.000000
1.900000 0.295000 10.124419 7.000000
1.900000 0.195000 6.861686 5.000000
1.900000 0.079000 4.517872 4.000000
1.900000 0.510000 9.443421 6.000000
1.900000 0.130000 6.289376 5.000000
1.900000 0.319000 9.360726 6.000000
1.900000 0.113000 5.727070 5.000000
1.900000 0.153000 7.726390 6.000000
1.900000 0.092000 5.026644 4.000000
1.900000 0.183000 8.243965 6.000000
1.900000 0.170000 6.453841 5.000000
1.900000 0.163000 10.199475 7.000000
1.900000 0.243000 6.714306 5.000000
1.900000 0.119000 6.204846 5.000000
1.900000 0.102000 5.557242 4.000000
1.900000 0.253000 6.885337 5.000000
1.900000 0.116000 5.876191 5.000000
1.900000 0.335000 7.387872 5.000000
1.900000 0.207000 6.800320 5.000000
1.900000 0.102000 5.386261 4.000000
1.900000 0.135000 5.579549 4.000000
1.900000 0.122000 6.391285 5.000000
1.900000 0.209000 8.637908 6.000000
1.900000 0.196000 5.754735 5.000000
1.900000 0.166000 8.818343 6.000000
1.900000 0.108000 5.966096 5.000000
1.900000 0.122000 6.274403 5.000000
1.900000 0.439000 9.969179 7.000000
1.900000 0.187000 7.925271 6.000000
1.900000 0.194000 8.799913 6.000000
1.900000 0.106000 5.892633 5.000000
1.900000 0.128000 7.255738 5.000000
1.900000 0.327000 6.194381 5.000000
1.900000 0.177000 5.070273 4.000000
1.900000 0.126000 5.942936 5.000000
1.900000 0.092000 5.152621 4.000000
1.900000 0.248000 7.274423 5.000000
1.900000 0.119000 5.837525 5.000000
1.900000 0.201000 10.172891 7.000000
1.900000 0.195000 7.037964 5.000000
1.900000 0.344000 10.790624 7.000000
1.900000 0.163000 8.016304 6.000000
1.900000 0.193000 6.564135 5.000000
1.900000 0.186000 6.154633 5.000000
1.900000 0.148000 7.842492 6.000000
1.900000 0.130000 6.199865 5.000000
1.900000 0.112000 5.629208 4.000000
1.900000 0.123000 5.879029 5.000000
1.900000 0.384000 12.865881 8.000000
1.950000 0.136000 7.160158 5.000000
1.950000 0.272000 7.118173 5.000000
1.950000 0.136000 5.617304 4.000000
1.950000 0.232000 8.233637 6.000000
1.950000 0.105000 5.773159 4.000000
1.950000 0.125000 6.344466 5.000000
1.950000 0.097000 5.614541 4.000000
1.950000 0.272000 7.291562 5.000000
1.950000 0.113000 4.605932 4.000000
1.950000 0.475000 7.514579 5.000000
1.950000 0.155000 6.160074 5.000000
1.950000 0.119000 5.852199 5.000000
1.950000 0.208000 6.034130 5.000000
1.950000 0.206000 5.956671 5.000000
1.950000 0.214000 6.037309 5.000000
1.950000 0.087000 4.046418 4.000000
1.950000 0.117000 5.998254 5.000000
1.950000 0.134000 6.733225 5.000000
1.950000 0.326000 8.040426 6.000000
1.950000 0.119000 5.090599 4.000000
1.950000 0.328000 5.953630 5.000000
1.950000 0.083000 4.574664 4.000000
1.950000 0.118000 6.126305 5.000000
1.950000 0.242000 5.039133 4.000000
1.950000 0.137000 6.702867 5.000000
1.950000 0.230000 5.125578 4.000000
1.950000 0.188000 7.794466 5.000000
1.950000 0.296000 4.343283 4.000000
1.950000 0.181000 7.024595 5.000000
1.950000 0.122000 7.207041 5.000000
1.950000 0.100000 5.372483 4.000000
1.950000 0.184000 7.043315 5.000000
1.950000 0.119000 6.517055 5.000000
1.950000 0.094000 5.120956 4.000000
1.950000 0.290000 11.504345 7.000000
1.950000 0.157000 7.185511 5.000000
1.950000 0.142000 5.125212 4.000000
1.950000 0.466000 7.746712 5.000000
1.950000 0.170000 4.994748 4.000000
1.950000 0.191000 6.932858 5.000000
1.950000 0.124000 4.649009 4.000000
1.950000 0.111000 6.045796 5.000000
1.950000 0.212000 7.445513 5.000000
1.950000 0.233000 9.174418 6.000000
1.950000 0.149000 6.245298 5.000000
1.950000 0.113000 5.941818 5.000000
1.950000 0.096000 5.582946 4.000000
1.950000 0.131000 6.176178 5.000000
1.950000 0.171000 6.000566 5.000000
1.950000 0.376000 9.273434 6.000000
2.000000 0.080000 4.376793 4.000000
2.000000 0.251000 6.355143 5.000000
2.000000 0.420000 11.410943 7.000000
2.000000 0.127000 6.348305 5.000000
2.000000 0.108000 5.921927 4.000000
2.000000 0.198000 5.875595 4.000000
2.000000 0.090000 4.520074 4.000000
2.000000 0.220000 8.829237 6.000000
2.000000 0.235000 7.302582 5.000000
2.000000 0.267000 4.277966 4.000000
2.000000 0.121000 6.175989 5.000000
2.000000 0.322000 8.447612 6.000000
2.000000 0.191000 7.065537 5.000000
2.000000 0.300000 9.101080 6.000000
2.000000 0.168000 8.017773 6.000000
2.000000 0.152000 5.538651 4.000000
2.000000 0.225000 7.288376 5.000000
2.000000 0.614000 4.716480 4.000000
2.000000 0.087000 5.095497 4.000000
2.000000 0.417000 7.053680 5.000000
2.000000 0.177000 7.365450 5.000000
2.000000 0.341000 8.450706 6.000000
2.000000 0.176000 7.858904 5.000000
2.000000 0.108000 6.151189 5.000000
2.000000 0.103000 5.538757 4.000000
2.000000 0.121000 6.112906 5.000000
2.000000 0.242000 7.589007 5.000000
2.000000 0.119000 5.241993 4.000000
2.000000 0.098000 5.309933 4.000000
2.000000 0.145000 5.914777 4.000000
2.000000 0.311000 5.615864 4.000000
2.000000 0.278000 11.376105 7.000000
2.000000 0.326000 7.207845 5.000000
2.000000 0.085000 4.213836 4.000000
2.000000 0.112000 5.805499 4.000000
2.000000 0.157000 5.283245 4.000000
2.000000 0.574000 8.399456 6.000000
2.000000 0.418000 10.996001 7.000000
2.000000 0.116000 6.040254 5.000000
2.000000 0.181000 9.072212 6.000000
2.000000 0.117000 6.325060 5.000000
2.000000 0.228000 7.153439 5.000000
2.000000 0.153000 5.990266 4.000000
2.000000 0.104000 5.669195 4.000000
2.000000 0.312000 8.345774 6.000000
2.000000 0.243000 6.515118 5.000000
2.000000 0.166000 7.969778 5.000000
2.000000 0.126000 7.303538 5.000000
2.000000 0.134000 7.478365 5.000000
2.000000 0.214000 8.872568 6.000000
