-0.300000 0.200000  258
-0.275000 0.200000  267
-0.250000 0.200000  260
-0.225000 0.200000  271
-0.200000 0.200000  273
-0.175000 0.200000  283
-0.150000 0.200000  276
-0.125000 0.200000  281
-0.100000 0.200000  275
-0.075000 0.200000  289
-0.050000 0.200000  281
-0.025000 0.200000  288
0.000000 0.200000  269
0.025000 0.200000  289
0.050000 0.200000  288
0.075000 0.200000  290
0.100000 0.200000  293
0.125000 0.200000  265
0.150000 0.200000  251
0.175000 0.200000  228
0.200000 0.200000  211
0.225000 0.200000  192
0.250000 0.200000  181
0.275000 0.200000  175
-0.300000 0.175000  265
-0.275000 0.175000  259
-0.250000 0.175000  271
-0.225000 0.175000  275
-0.200000 0.175000  278
-0.175000 0.175000  280
-0.150000 0.175000  274
-0.125000 0.175000  276
-0.100000 0.175000  284
-0.075000 0.175000  290
-0.050000 0.175000  277
-0.025000 0.175000  294
0.000000 0.175000  288
0.025000 0.175000  280
0.050000 0.175000  294
0.075000 0.175000  290
0.100000 0.175000  275
0.125000 0.175000  255
0.150000 0.175000  229
0.175000 0.175000  214
0.200000 0.175000  201
0.225000 0.175000  193
0.250000 0.175000  180
0.275000 0.175000  171
-0.300000 0.150000  275
-0.275000 0.150000  263
-0.250000 0.150000  283
-0.225000 0.150000  272
-0.200000 0.150000  282
-0.175000 0.150000  260
-0.150000 0.150000  280
-0.125000 0.150000  287
-0.100000 0.150000  287
-0.075000 0.150000  284
-0.050000 0.150000  282
-0.025000 0.150000  290
0.000000 0.150000  284
0.025000 0.150000  294
0.050000 0.150000  294
0.075000 0.150000  273
0.100000 0.150000  251
0.125000 0.150000  240
0.150000 0.150000  213
0.175000 0.150000  199
0.200000 0.150000  179
0.225000 0.150000  173
0.250000 0.150000  166
0.275000 0.150000  163
-0.300000 0.125000  254
-0.275000 0.125000  275
-0.250000 0.125000  275
-0.225000 0.125000  268
-0.200000 0.125000  284
-0.175000 0.125000  276
-0.150000 0.125000  265
-0.125000 0.125000  283
-0.100000 0.125000  273
-0.075000 0.125000  278
-0.050000 0.125000  282
-0.025000 0.125000  283
0.000000 0.125000  289
0.025000 0.125000  288
0.050000 0.125000  276
0.075000 0.125000  260
0.100000 0.125000  235
0.125000 0.125000  231
0.150000 0.125000  210
0.175000 0.125000  188
0.200000 0.125000  179
0.225000 0.125000  171
0.250000 0.125000  158
0.275000 0.125000  151
-0.300000 0.100000  277
-0.275000 0.100000  279
-0.250000 0.100000  278
-0.225000 0.100000  280
-0.200000 0.100000  288
-0.175000 0.100000  271
-0.150000 0.100000  281
-0.125000 0.100000  286
-0.100000 0.100000  288
-0.075000 0.100000  286
-0.050000 0.100000  284
-0.025000 0.100000  296
0.000000 0.100000  286
0.025000 0.100000  275
0.050000 0.100000  254
0.075000 0.100000  237
0.100000 0.100000  216
0.125000 0.100000  207
0.150000 0.100000  194
0.175000 0.100000  182
0.200000 0.100000  170
0.225000 0.100000  165
0.250000 0.100000  148
0.275000 0.100000  149
-0.300000 0.075000  274
-0.275000 0.075000  273
-0.250000 0.075000  284
-0.225000 0.075000  285
-0.200000 0.075000  274
-0.175000 0.075000  267
-0.150000 0.075000  281
-0.125000 0.075000  280
-0.100000 0.075000  289
-0.075000 0.075000  295
-0.050000 0.075000  292
-0.025000 0.075000  279
0.000000 0.075000  269
0.025000 0.075000  249
0.050000 0.075000  233
0.075000 0.075000  223
0.100000 0.075000  206
0.125000 0.075000  185
0.150000 0.075000  177
0.175000 0.075000  170
0.200000 0.075000  169
0.225000 0.075000  157
0.250000 0.075000  151
0.275000 0.075000  137
-0.300000 0.050000  280
-0.275000 0.050000  269
-0.250000 0.050000  280
-0.225000 0.050000  277
-0.200000 0.050000  280
-0.175000 0.050000  280
-0.150000 0.050000  289
-0.125000 0.050000  296
-0.100000 0.050000  294
-0.075000 0.050000  290
-0.050000 0.050000  279
-0.025000 0.050000  261
0.000000 0.050000  244
0.025000 0.050000  232
0.050000 0.050000  223
0.075000 0.050000  208
0.100000 0.050000  197
0.125000 0.050000  181
0.150000 0.050000  171
0.175000 0.050000  156
0.200000 0.050000  155
0.225000 0.050000  153
0.250000 0.050000  138
0.275000 0.050000  142
-0.300000 0.025000  275
-0.275000 0.025000  272
-0.250000 0.025000  282
-0.225000 0.025000  285
-0.200000 0.025000  278
-0.175000 0.025000  298
-0.150000 0.025000  277
-0.125000 0.025000  286
-0.100000 0.025000  274
-0.075000 0.025000  263
-0.050000 0.025000  253
-0.025000 0.025000  247
0.000000 0.025000  227
0.025000 0.025000  215
0.050000 0.025000  213
0.075000 0.025000  188
0.100000 0.025000  176
0.125000 0.025000  166
0.150000 0.025000  162
0.175000 0.025000  158
0.200000 0.025000  154
0.225000 0.025000  149
0.250000 0.025000  129
0.275000 0.025000  126
-0.300000 -0.000000  279
-0.275000 -0.000000  281
-0.250000 -0.000000  284
-0.225000 -0.000000  280
-0.200000 -0.000000  299
-0.175000 -0.000000  284
-0.150000 -0.000000  265
-0.125000 -0.000000  254
-0.100000 -0.000000  246
-0.075000 -0.000000  237
-0.050000 -0.000000  227
-0.025000 -0.000000  222
0.000000 -0.000000  212
0.025000 -0.000000  194
0.050000 -0.000000  186
0.075000 -0.000000  184
0.100000 -0.000000  165
0.125000 -0.000000  158
0.150000 -0.000000  159
0.175000 -0.000000  148
0.200000 -0.000000  145
0.225000 -0.000000  137
0.250000 -0.000000  136
0.275000 -0.000000  117
-0.300000 -0.025000  275
-0.275000 -0.025000  266
-0.250000 -0.025000  283
-0.225000 -0.025000  272
-0.200000 -0.025000  265
-0.175000 -0.025000  254
-0.150000 -0.025000  245
-0.125000 -0.025000  250
-0.100000 -0.025000  221
-0.075000 -0.025000  226
-0.050000 -0.025000  215
-0.025000 -0.025000  201
0.000000 -0.025000  197
0.025000 -0.025000  180
0.050000 -0.025000  179
0.075000 -0.025000  176
0.100000 -0.025000  163
0.125000 -0.025000  152
0.150000 -0.025000  154
0.175000 -0.025000  137
0.200000 -0.025000  136
0.225000 -0.025000  129
0.250000 -0.025000  127
0.275000 -0.025000  103
-0.300000 -0.050000  261
-0.275000 -0.050000  250
-0.250000 -0.050000  249
-0.225000 -0.050000  242
-0.200000 -0.050000  245
-0.175000 -0.050000  230
-0.150000 -0.050000  227
-0.125000 -0.050000  217
-0.100000 -0.050000  211
-0.075000 -0.050000  209
-0.050000 -0.050000  196
-0.025000 -0.050000  197
0.000000 -0.050000  180
0.025000 -0.050000  168
0.050000 -0.050000  155
0.075000 -0.050000  157
0.100000 -0.050000  151
0.125000 -0.050000  139
0.150000 -0.050000  137
0.175000 -0.050000  131
0.200000 -0.050000  126
0.225000 -0.050000  111
0.250000 -0.050000  115
0.275000 -0.050000  97
-0.300000 -0.075000  229
-0.275000 -0.075000  233
-0.250000 -0.075000  217
-0.225000 -0.075000  219
-0.200000 -0.075000  217
-0.175000 -0.075000  217
-0.150000 -0.075000  212
-0.125000 -0.075000  200
-0.100000 -0.075000  193
-0.075000 -0.075000  186
-0.050000 -0.075000  175
-0.025000 -0.075000  181
0.000000 -0.075000  166
0.025000 -0.075000  163
0.050000 -0.075000  156
0.075000 -0.075000  153
0.100000 -0.075000  145
0.125000 -0.075000  127
0.150000 -0.075000  132
0.175000 -0.075000  123
0.200000 -0.075000  116
0.225000 -0.075000  106
0.250000 -0.075000  106
0.275000 -0.075000  87
-0.300000 -0.100000  206
-0.275000 -0.100000  212
-0.250000 -0.100000  205
-0.225000 -0.100000  199
-0.200000 -0.100000  199
-0.175000 -0.100000  193
-0.150000 -0.100000  195
-0.125000 -0.100000  181
-0.100000 -0.100000  186
-0.075000 -0.100000  175
-0.050000 -0.100000  170
-0.025000 -0.100000  169
0.000000 -0.100000  163
0.025000 -0.100000  160
0.050000 -0.100000  141
0.075000 -0.100000  138
0.100000 -0.100000  131
0.125000 -0.100000  121
0.150000 -0.100000  119
0.175000 -0.100000  123
0.200000 -0.100000  112
0.225000 -0.100000  102
0.250000 -0.100000  94
0.275000 -0.100000  87
-0.300000 -0.125000  192
-0.275000 -0.125000  196
-0.250000 -0.125000  186
-0.225000 -0.125000  188
-0.200000 -0.125000  185
-0.175000 -0.125000  183
-0.150000 -0.125000  171
-0.125000 -0.125000  176
-0.100000 -0.125000  170
-0.075000 -0.125000  165
-0.050000 -0.125000  156
-0.025000 -0.125000  156
0.000000 -0.125000  145
0.025000 -0.125000  144
0.050000 -0.125000  135
0.075000 -0.125000  134
0.100000 -0.125000  130
0.125000 -0.125000  125
0.150000 -0.125000  116
0.175000 -0.125000  104
0.200000 -0.125000  102
0.225000 -0.125000  95
0.250000 -0.125000  85
0.275000 -0.125000  83
-0.300000 -0.150000  180
-0.275000 -0.150000  174
-0.250000 -0.150000  176
-0.225000 -0.150000  178
-0.200000 -0.150000  171
-0.175000 -0.150000  175
-0.150000 -0.150000  167
-0.125000 -0.150000  165
-0.100000 -0.150000  162
-0.075000 -0.150000  157
-0.050000 -0.150000  150
-0.025000 -0.150000  148
0.000000 -0.150000  135
0.025000 -0.150000  139
0.050000 -0.150000  130
0.075000 -0.150000  120
0.100000 -0.150000  115
0.125000 -0.150000  102
0.150000 -0.150000  107
0.175000 -0.150000  103
0.200000 -0.150000  86
0.225000 -0.150000  87
0.250000 -0.150000  82
0.275000 -0.150000  74
-0.300000 -0.175000  172
-0.275000 -0.175000  168
-0.250000 -0.175000  167
-0.225000 -0.175000  177
-0.200000 -0.175000  161
-0.175000 -0.175000  157
-0.150000 -0.175000  152
-0.125000 -0.175000  149
-0.100000 -0.175000  146
-0.075000 -0.175000  144
-0.050000 -0.175000  137
-0.025000 -0.175000  140
0.000000 -0.175000  133
0.025000 -0.175000  126
0.050000 -0.175000  119
0.075000 -0.175000  107
0.100000 -0.175000  110
0.125000 -0.175000  107
0.150000 -0.175000  94
0.175000 -0.175000  95
0.200000 -0.175000  88
0.225000 -0.175000  81
0.250000 -0.175000  71
0.275000 -0.175000  58
-0.300000 -0.200000  158
-0.275000 -0.200000  155
-0.250000 -0.200000  156
-0.225000 -0.200000  155
-0.200000 -0.200000  148
-0.175000 -0.200000  145
-0.150000 -0.200000  144
-0.125000 -0.200000  134
-0.100000 -0.200000  141
-0.075000 -0.200000  127
-0.050000 -0.200000  127
-0.025000 -0.200000  127
0.000000 -0.200000  116
0.025000 -0.200000  120
0.050000 -0.200000  105
0.075000 -0.200000  105
0.100000 -0.200000  99
0.125000 -0.200000  99
0.150000 -0.200000  84
0.175000 -0.200000  80
0.200000 -0.200000  72
0.225000 -0.200000  72
0.250000 -0.200000  65
0.275000 -0.200000  52
-0.300000 -0.225000  148
-0.275000 -0.225000  147
-0.250000 -0.225000  151
-0.225000 -0.225000  141
-0.200000 -0.225000  135
-0.175000 -0.225000  141
-0.150000 -0.225000  135
-0.125000 -0.225000  128
-0.100000 -0.225000  124
-0.075000 -0.225000  120
-0.050000 -0.225000  119
-0.025000 -0.225000  112
0.000000 -0.225000  104
0.025000 -0.225000  104
0.050000 -0.225000  102
0.075000 -0.225000  100
0.100000 -0.225000  95
0.125000 -0.225000  87
0.150000 -0.225000  78
0.175000 -0.225000  74
0.200000 -0.225000  60
0.225000 -0.225000  60
0.250000 -0.225000  45
0.275000 -0.225000  40
-0.300000 -0.250000  137
-0.275000 -0.250000  130
-0.250000 -0.250000  132
-0.225000 -0.250000  130
-0.200000 -0.250000  132
-0.175000 -0.250000  124
-0.150000 -0.250000  121
-0.125000 -0.250000  118
-0.100000 -0.250000  119
-0.075000 -0.250000  112
-0.050000 -0.250000  104
-0.025000 -0.250000  98
0.000000 -0.250000  107
0.025000 -0.250000  97
0.050000 -0.250000  84
0.075000 -0.250000  87
0.100000 -0.250000  87
0.125000 -0.250000  76
0.150000 -0.250000  70
0.175000 -0.250000  61
0.200000 -0.250000  58
0.225000 -0.250000  48
0.250000 -0.250000  38
0.275000 -0.250000  25
-0.300000 -0.275000  123
-0.275000 -0.275000  128
-0.250000 -0.275000  115
-0.225000 -0.275000  120
-0.200000 -0.275000  113
-0.175000 -0.275000  111
-0.150000 -0.275000  106
-0.125000 -0.275000  106
-0.100000 -0.275000  108
-0.075000 -0.275000  94
-0.050000 -0.275000  93
-0.025000 -0.275000  98
0.000000 -0.275000  85
0.025000 -0.275000  81
0.050000 -0.275000  81
0.075000 -0.275000  75
0.100000 -0.275000  66
0.125000 -0.275000  62
0.150000 -0.275000  61
0.175000 -0.275000  50
0.200000 -0.275000  41
0.225000 -0.275000  33
0.250000 -0.275000  24
0.275000 -0.275000  8
-0.300000 -0.300000  110
-0.275000 -0.300000  116
-0.250000 -0.300000  114
-0.225000 -0.300000  112
-0.200000 -0.300000  113
-0.175000 -0.300000  107
-0.150000 -0.300000  105
-0.125000 -0.300000  97
-0.100000 -0.300000  93
-0.075000 -0.300000  90
-0.050000 -0.300000  87
-0.025000 -0.300000  91
0.000000 -0.300000  75
0.025000 -0.300000  71
0.050000 -0.300000  67
0.075000 -0.300000  64
-0.300000 -0.325000  103
-0.275000 -0.325000  108
-0.250000 -0.325000  102
-0.225000 -0.325000  98
-0.200000 -0.325000  99
-0.175000 -0.325000  93
-0.150000 -0.325000  87
-0.125000 -0.325000  95
-0.100000 -0.325000  84
-0.075000 -0.325000  84
-0.050000 -0.325000  79
-0.025000 -0.325000  78
0.000000 -0.325000  74
0.025000 -0.325000  68
0.050000 -0.325000  68
0.075000 -0.325000  55
-0.300000 -0.350000  89
-0.275000 -0.350000  90
-0.250000 -0.350000  81
-0.225000 -0.350000  86
-0.200000 -0.350000  86
-0.175000 -0.350000  79
-0.150000 -0.350000  82
-0.125000 -0.350000  81
-0.100000 -0.350000  71
-0.075000 -0.350000  68
-0.050000 -0.350000  66
-0.025000 -0.350000  66
0.000000 -0.350000  59
0.025000 -0.350000  53
0.050000 -0.350000  47
0.075000 -0.350000  38
-0.300000 -0.375000  82
-0.275000 -0.375000  80
-0.250000 -0.375000  80
-0.225000 -0.375000  79
-0.200000 -0.375000  74
-0.175000 -0.375000  72
-0.150000 -0.375000  71
-0.125000 -0.375000  71
-0.100000 -0.375000  67
-0.075000 -0.375000  56
-0.050000 -0.375000  53
-0.025000 -0.375000  56
0.000000 -0.375000  47
0.025000 -0.375000  41
0.050000 -0.375000  34
0.075000 -0.375000  27
-0.300000 -0.400000  67
-0.275000 -0.400000  65
-0.250000 -0.400000  63
-0.225000 -0.400000  62
-0.200000 -0.400000  65
-0.175000 -0.400000  62
-0.150000 -0.400000  57
-0.125000 -0.400000  49
-0.100000 -0.400000  49
-0.075000 -0.400000  44
-0.050000 -0.400000  39
-0.025000 -0.400000  34
0.000000 -0.400000  28
0.025000 -0.400000  21
0.050000 -0.400000  16
0.075000 -0.400000  0
-0.300000 -0.425000  55
-0.275000 -0.425000  54
-0.250000 -0.425000  54
-0.225000 -0.425000  49
-0.200000 -0.425000  49
-0.175000 -0.425000  43
-0.150000 -0.425000  38
-0.125000 -0.425000  32
-0.100000 -0.425000  28
-0.075000 -0.425000  28
-0.050000 -0.425000  19
-0.025000 -0.425000  15
0.000000 -0.425000  5
0.025000 -0.425000  0
0.050000 -0.425000  0
0.075000 -0.425000  0
-0.300000 -0.450000  36
-0.275000 -0.450000  32
-0.250000 -0.450000  35
-0.225000 -0.450000  35
-0.200000 -0.450000  34
-0.175000 -0.450000  27
-0.150000 -0.450000  22
-0.125000 -0.450000  21
-0.100000 -0.450000  14
-0.075000 -0.450000  6
-0.050000 -0.450000  0
-0.025000 -0.450000  0
0.000000 -0.450000  0
0.025000 -0.450000  0
0.050000 -0.450000  0
0.075000 -0.450000  0
-0.300000 -0.475000  18
-0.275000 -0.475000  17
-0.250000 -0.475000  14
-0.225000 -0.475000  15
-0.200000 -0.475000  13
-0.175000 -0.475000  4
-0.150000 -0.475000  0
-0.125000 -0.475000  0
-0.100000 -0.475000  0
-0.075000 -0.475000  0
-0.050000 -0.475000  0
-0.025000 -0.475000  0
0.000000 -0.475000  0
0.025000 -0.475000  0
0.050000 -0.475000  0
0.075000 -0.475000  0
