0.050000 0.272000 3.805136 78.000000
0.050000 0.775000 4.194941 85.000000
0.050000 0.441000 3.981435 81.000000
0.050000 0.324000 3.801790 78.000000
0.050000 0.356000 4.110316 84.000000
0.050000 0.244000 3.653173 75.000000
0.050000 0.331000 4.096037 83.000000
0.050000 0.614000 3.621349 74.000000
0.050000 1.028000 4.538547 92.000000
0.050000 0.501000 3.920644 80.000000
0.050000 0.435000 5.262801 107.000000
0.050000 0.252000 3.434693 70.000000
0.050000 0.391000 4.151322 85.000000
0.050000 0.276000 3.988652 81.000000
0.050000 0.236000 3.892281 79.000000
0.050000 0.496000 4.708605 96.000000
0.050000 0.177000 3.289149 67.000000
0.050000 0.203000 3.943041 80.000000
0.050000 0.317000 3.932932 80.000000
0.050000 0.213000 3.823889 78.000000
0.050000 0.704000 4.592501 93.000000
0.050000 0.563000 4.173865 85.000000
0.050000 0.498000 3.834593 78.000000
0.050000 0.282000 3.684603 75.000000
0.050000 0.524000 4.363521 89.000000
0.050000 0.252000 3.818392 78.000000
0.050000 0.726000 3.949939 80.000000
0.050000 0.384000 4.002643 82.000000
0.050000 0.316000 4.528119 92.000000
0.050000 0.776000 4.528567 92.000000
0.050000 0.254000 3.803803 78.000000
0.050000 0.393000 4.209746 86.000000
0.050000 0.635000 3.927685 80.000000
0.050000 0.543000 4.287481 87.000000
0.050000 0.504000 4.016539 82.000000
0.050000 0.361000 3.974427 81.000000
0.050000 0.453000 3.781007 77.000000
0.050000 0.276000 4.442424 90.000000
0.050000 0.159000 3.599109 73.000000
0.050000 0.311000 3.958872 81.000000
0.050000 0.287000 4.278652 87.000000
0.050000 0.302000 4.111792 84.000000
0.050000 0.390000 4.320175 88.000000
0.050000 0.310000 4.444861 90.000000
0.050000 0.223000 3.978707 81.000000
0.050000 0.399000 3.983689 81.000000
0.050000 0.314000 3.917974 80.000000
0.050000 0.432000 3.931559 80.000000
0.050000 0.343000 3.857358 79.000000
0.050000 0.278000 3.948328 80.000000
0.100000 0.247000 4.413261 46.000000
0.100000 0.593000 5.668322 58.000000
0.100000 0.228000 4.170841 43.000000
0.100000 0.137000 3.573451 37.000000
0.100000 0.196000 4.025595 42.000000
0.100000 0.240000 4.140237 43.000000
0.100000 0.328000 3.993392 41.000000
0.100000 0.179000 4.188999 43.000000
0.100000 0.173000 3.978106 41.000000
0.100000 0.211000 4.019428 42.000000
0.100000 0.244000 3.840370 40.000000
0.100000 0.282000 3.684778 38.000000
0.100000 0.595000 4.281075 44.000000
0.100000 0.152000 3.520173 37.000000
0.100000 0.291000 4.184704 43.000000
0.100000 0.180000 4.001509 42.000000
0.100000 0.598000 5.531121 57.000000
0.100000 0.169000 3.626895 38.000000
0.100000 0.276000 4.351203 45.000000
0.100000 0.151000 3.703385 39.000000
0.100000 0.383000 4.137844 43.000000
0.100000 0.210000 3.786353 39.000000
0.100000 0.192000 3.671018 38.000000
0.100000 0.121000 3.474137 36.000000
0.100000 0.239000 4.120975 43.000000
0.100000 0.477000 3.771481 39.000000
0.100000 0.274000 3.976594 41.000000
0.100000 0.257000 3.662202 38.000000
0.100000 0.183000 3.716264 39.000000
0.100000 0.253000 3.712567 39.000000
0.100000 0.139000 3.727920 39.000000
0.100000 0.134000 3.627751 38.000000
0.100000 0.206000 3.617484 38.000000
0.100000 0.339000 5.042558 52.000000
0.100000 0.390000 5.199902 53.000000
0.100000 0.131000 3.326971 35.000000
0.100000 0.135000 3.728596 39.000000
0.100000 0.192000 3.981754 41.000000
0.100000 0.205000 3.848441 40.000000
0.100000 0.217000 3.691414 38.000000
0.100000 0.330000 4.435444 46.000000
0.100000 0.317000 3.881742 40.000000
0.100000 0.242000 4.131577 43.000000
0.100000 0.182000 3.916529 41.000000
0.100000 0.220000 3.539591 37.000000
0.100000 0.279000 4.406772 46.000000
0.100000 0.132000 3.364846 35.000000
0.100000 0.390000 4.354292 45.000000
0.100000 0.176000 3.872307 40.000000
0.100000 0.224000 3.609570 38.000000
0.150000 0.149000 4.095083 29.000000
0.150000 0.142000 4.349777 30.000000
0.150000 0.284000 3.993570 28.000000
0.150000 0.134000 4.206560 30.000000
0.150000 0.135000 3.818249 27.000000
0.150000 0.263000 4.341905 30.000000
0.150000 0.318000 4.014700 28.000000
0.150000 0.246000 5.136464 36.000000
0.150000 0.165000 3.664417 26.000000
0.150000 0.152000 3.686152 26.000000
0.150000 0.156000 3.330158 24.000000
0.150000 0.152000 3.457682 25.000000
0.150000 0.250000 3.692051 26.000000
0.150000 0.353000 5.361127 37.000000
0.150000 0.258000 4.096277 29.000000
0.150000 0.160000 3.904288 28.000000
0.150000 0.117000 3.540132 25.000000
0.150000 0.112000 3.405245 24.000000
0.150000 0.258000 4.208555 30.000000
0.150000 0.201000 3.744993 26.000000
0.150000 0.422000 4.506772 32.000000
0.150000 0.136000 3.462238 25.000000
0.150000 0.143000 3.697741 26.000000
0.150000 0.169000 3.625814 26.000000
0.150000 0.097000 3.239857 23.000000
0.150000 0.208000 3.887678 27.000000
0.150000 0.201000 3.494951 25.000000
0.150000 0.127000 3.355616 24.000000
0.150000 0.119000 3.603330 26.000000
0.150000 0.364000 4.463343 31.000000
0.150000 0.290000 3.968676 28.000000
0.150000 0.348000 4.278027 30.000000
0.150000 0.209000 3.408396 24.000000
0.150000 0.172000 3.812639 27.000000
0.150000 0.098000 3.352972 24.000000
0.150000 0.206000 3.362348 24.000000
0.150000 0.222000 4.086671 29.000000
0.150000 0.185000 4.377120 31.000000
0.150000 0.635000 5.492808 38.000000
0.150000 0.140000 3.592954 25.000000
0.150000 0.215000 3.769280 27.000000
0.150000 0.162000 3.391856 24.000000
0.150000 0.184000 3.625631 26.000000
0.150000 0.146000 4.015878 28.000000
0.150000 0.204000 5.096099 35.000000
0.150000 0.236000 4.027893 28.000000
0.150000 0.264000 4.303785 30.000000
0.150000 0.128000 3.277776 23.000000
0.150000 0.220000 3.993632 28.000000
0.150000 0.132000 3.669609 26.000000
0.200000 0.245000 3.858955 21.000000
0.200000 0.098000 3.542502 19.000000
0.200000 0.501000 4.544115 24.000000
0.200000 0.147000 3.297367 18.000000
0.200000 0.126000 4.164603 22.000000
0.200000 0.148000 3.835445 21.000000
0.200000 0.238000 4.492351 24.000000
0.200000 0.092000 3.125413 17.000000
0.200000 0.268000 5.957344 31.000000
0.200000 0.279000 4.479943 24.000000
0.200000 0.184000 3.613113 20.000000
0.200000 0.190000 3.817474 21.000000
0.200000 0.140000 3.479508 19.000000
0.200000 0.172000 4.422244 24.000000
0.200000 0.169000 4.380053 23.000000
0.200000 0.359000 6.230485 33.000000
0.200000 0.159000 3.707579 20.000000
0.200000 0.173000 3.897554 21.000000
0.200000 0.425000 6.435043 34.000000
0.200000 0.102000 3.380293 18.000000
0.200000 0.393000 6.863385 36.000000
0.200000 0.143000 3.305827 18.000000
0.200000 0.340000 3.886892 21.000000
0.200000 0.252000 3.946573 21.000000
0.200000 0.158000 3.561430 19.000000
0.200000 0.204000 4.204313 23.000000
0.200000 0.123000 3.704945 20.000000
0.200000 0.151000 3.556908 19.000000
0.200000 0.255000 4.884735 26.000000
0.200000 0.161000 3.799192 20.000000
0.200000 0.177000 3.334226 18.000000
0.200000 0.288000 6.858641 36.000000
0.200000 0.101000 3.642320 20.000000
0.200000 0.166000 4.350818 23.000000
0.200000 0.249000 5.619502 30.000000
0.200000 0.259000 4.319087 23.000000
0.200000 0.115000 3.377825 18.000000
0.200000 0.301000 3.967607 21.000000
0.200000 0.164000 3.926380 21.000000
0.200000 0.365000 4.260531 23.000000
0.200000 0.241000 4.063985 22.000000
0.200000 0.236000 4.218285 23.000000
0.200000 0.166000 4.120027 22.000000
0.200000 0.148000 3.671218 20.000000
0.200000 0.206000 3.533836 19.000000
0.200000 0.387000 5.061527 27.000000
0.200000 0.156000 3.658069 20.000000
0.200000 0.141000 4.128035 22.000000
0.200000 0.166000 4.063324 22.000000
0.200000 0.088000 3.398483 18.000000
0.250000 0.093000 3.725382 16.000000
0.250000 0.143000 3.608209 16.000000
0.250000 0.079000 3.262534 15.000000
0.250000 0.133000 3.578669 16.000000
0.250000 0.114000 3.586917 16.000000
0.250000 0.108000 3.636039 16.000000
0.250000 0.097000 3.670315 16.000000
0.250000 0.116000 4.035890 18.000000
0.250000 0.188000 3.714886 16.000000
0.250000 0.236000 4.810627 21.000000
0.250000 0.271000 5.263086 23.000000
0.250000 0.281000 4.132812 18.000000
0.250000 0.109000 3.814236 17.000000
0.250000 0.134000 3.652925 16.000000
0.250000 0.122000 3.681513 16.000000
0.250000 0.095000 3.693400 16.000000
0.250000 0.108000 3.350630 15.000000
0.250000 0.175000 4.549134 20.000000
0.250000 0.177000 4.514742 20.000000
0.250000 0.138000 4.726764 20.000000
0.250000 0.150000 4.378067 19.000000
0.250000 0.102000 3.578768 16.000000
0.250000 0.139000 3.796335 17.000000
0.250000 0.161000 3.869661 17.000000
0.250000 0.362000 6.054848 26.000000
0.250000 0.192000 4.145263 18.000000
0.250000 0.316000 5.199463 22.000000
0.250000 0.184000 4.962809 21.000000
0.250000 0.208000 5.906865 25.000000
0.250000 0.091000 3.750367 17.000000
0.250000 0.159000 3.895520 17.000000
0.250000 0.176000 4.157487 18.000000
0.250000 0.112000 3.377432 15.000000
0.250000 0.094000 3.823233 17.000000
0.250000 0.386000 7.191114 30.000000
0.250000 0.085000 3.359432 15.000000
0.250000 0.141000 3.787720 17.000000
0.250000 0.074000 3.244535 14.000000
0.250000 0.263000 4.677852 20.000000
0.250000 0.173000 3.958926 17.000000
0.250000 0.096000 3.906176 17.000000
0.250000 0.090000 3.384228 15.000000
0.250000 0.159000 4.245133 18.000000
0.250000 0.137000 3.677756 16.000000
0.250000 0.192000 4.973831 21.000000
0.250000 0.286000 4.444236 19.000000
0.250000 0.182000 5.647478 24.000000
0.250000 0.137000 3.919016 17.000000
0.250000 0.480000 4.820036 21.000000
0.250000 0.185000 4.260899 19.000000
0.300000 0.112000 3.629071 14.000000
0.300000 0.140000 4.540696 17.000000
0.300000 0.091000 3.938715 15.000000
0.300000 0.085000 3.240400 12.000000
0.300000 0.092000 3.358007 13.000000
0.300000 0.109000 3.692082 14.000000
0.300000 0.082000 3.172591 12.000000
0.300000 0.100000 4.074406 15.000000
0.300000 0.185000 4.082937 15.000000
0.300000 0.174000 4.104795 15.000000
0.300000 0.087000 3.326597 13.000000
0.300000 0.073000 3.032479 12.000000
0.300000 0.303000 6.251301 22.000000
0.300000 0.147000 4.282123 16.000000
0.300000 0.170000 3.795773 14.000000
0.300000 0.188000 3.596042 13.000000
0.300000 0.141000 4.230674 16.000000
0.300000 0.319000 5.564249 20.000000
0.300000 0.211000 4.240085 16.000000
0.300000 0.324000 3.813273 14.000000
0.300000 0.212000 4.825468 18.000000
0.300000 0.179000 5.020037 18.000000
0.300000 0.101000 3.572713 13.000000
0.300000 0.180000 4.135637 15.000000
0.300000 0.118000 4.038717 15.000000
0.300000 0.180000 4.237879 16.000000
0.300000 0.155000 3.607707 14.000000
0.300000 0.074000 3.247149 12.000000
0.300000 0.201000 5.090036 18.000000
0.300000 0.110000 3.346593 13.000000
0.300000 0.082000 3.558523 13.000000
0.300000 0.198000 5.256228 19.000000
0.300000 0.082000 3.574723 13.000000
0.300000 0.298000 4.309779 16.000000
0.300000 0.119000 3.753241 14.000000
0.300000 0.939000 5.329503 19.000000
0.300000 0.123000 3.965675 15.000000
0.300000 0.081000 3.409653 13.000000
0.300000 0.184000 4.205795 16.000000
0.300000 0.167000 4.161540 15.000000
0.300000 0.131000 3.844907 14.000000
0.300000 0.094000 4.008138 15.000000
0.300000 0.214000 5.517254 20.000000
0.300000 0.266000 5.308084 19.000000
0.300000 0.110000 3.761476 14.000000
0.300000 0.132000 3.688665 14.000000
0.300000 0.123000 3.885241 14.000000
0.300000 0.342000 4.474853 16.000000
0.300000 0.193000 4.297594 16.000000
0.300000 0.282000 5.723467 21.000000
0.350000 0.136000 4.113009 13.000000
0.350000 0.096000 3.601378 12.000000
0.350000 0.131000 5.044754 16.000000
0.350000 0.113000 3.984297 13.000000
0.350000 0.669000 5.158544 16.000000
0.350000 0.145000 4.334417 14.000000
0.350000 0.296000 4.413990 14.000000
0.350000 0.145000 4.076937 13.000000
0.350000 0.187000 3.955358 13.000000
0.350000 0.312000 5.773826 18.000000
0.350000 0.122000 3.960267 13.000000
0.350000 0.192000 4.672912 15.000000
0.350000 0.104000 3.830007 12.000000
0.350000 0.117000 3.677786 12.000000
0.350000 0.092000 3.617009 12.000000
0.350000 0.170000 4.165573 13.000000
0.350000 0.076000 3.153659 11.000000
0.350000 0.127000 3.912483 13.000000
0.350000 0.126000 5.083751 16.000000
0.350000 0.098000 3.595621 12.000000
0.350000 0.084000 3.163487 11.000000
0.350000 0.142000 4.247904 14.000000
0.350000 0.085000 3.315904 11.000000
0.350000 0.173000 4.433939 14.000000
0.350000 0.261000 5.755035 18.000000
0.350000 0.071000 3.020677 10.000000
0.350000 0.081000 3.046518 10.000000
0.350000 0.086000 3.350941 11.000000
0.350000 0.072000 3.081148 10.000000
0.350000 0.157000 4.314140 14.000000
0.350000 0.150000 4.867975 15.000000
0.350000 0.131000 3.557351 12.000000
0.350000 0.088000 3.771400 12.000000
0.350000 0.167000 4.465033 14.000000
0.350000 0.219000 5.879207 18.000000
0.350000 0.169000 5.065732 16.000000
0.350000 0.183000 5.501070 17.000000
0.350000 0.178000 3.719225 12.000000
0.350000 0.201000 5.021145 16.000000
0.350000 0.078000 3.308288 11.000000
0.350000 0.115000 3.549252 12.000000
0.350000 0.118000 4.000921 13.000000
0.350000 0.084000 3.314556 11.000000
0.350000 0.076000 2.969158 10.000000
0.350000 0.253000 5.303310 17.000000
0.350000 0.170000 4.286410 14.000000
0.350000 0.094000 3.504310 12.000000
0.350000 0.234000 4.511621 14.000000
0.350000 0.110000 4.271507 14.000000
0.350000 0.176000 3.557748 12.000000
0.400000 0.091000 3.518605 10.000000
0.400000 0.217000 4.792839 13.000000
0.400000 0.108000 3.911420 11.000000
0.400000 0.111000 3.611749 11.000000
0.400000 0.119000 4.465882 13.000000
0.400000 0.119000 4.003072 12.000000
0.400000 0.080000 3.378182 10.000000
0.400000 0.236000 5.466381 15.000000
0.400000 0.087000 3.746214 11.000000
0.400000 0.098000 3.549353 10.000000
0.400000 0.133000 4.042068 12.000000
0.400000 0.128000 3.919215 11.000000
0.400000 0.127000 5.187880 14.000000
0.400000 0.095000 3.698790 11.000000
0.400000 0.081000 3.354283 10.000000
0.400000 0.317000 5.819682 16.000000
0.400000 0.172000 3.617023 11.000000
0.400000 0.104000 3.858459 11.000000
0.400000 0.139000 3.675928 11.000000
0.400000 0.117000 3.205480 10.000000
0.400000 0.124000 4.059855 12.000000
0.400000 0.119000 3.872852 11.000000
0.400000 0.087000 3.692342 11.000000
0.400000 0.109000 3.342213 10.000000
0.400000 0.094000 3.815870 11.000000
0.400000 0.433000 4.277703 12.000000
0.400000 0.110000 4.099921 12.000000
0.400000 0.139000 3.563591 10.000000
0.400000 0.138000 3.927367 11.000000
0.400000 0.221000 4.822886 14.000000
0.400000 0.115000 3.928053 11.000000
0.400000 0.278000 8.104521 22.000000
0.400000 0.157000 4.242678 12.000000
0.400000 0.117000 4.264870 12.000000
0.400000 0.181000 4.844492 14.000000
0.400000 0.152000 3.875504 11.000000
0.400000 0.099000 3.929025 11.000000
0.400000 0.097000 3.700712 11.000000
0.400000 0.094000 3.781954 11.000000
0.400000 0.095000 4.203396 12.000000
0.400000 0.203000 4.283205 12.000000
0.400000 0.312000 4.326958 12.000000
0.400000 0.100000 3.865371 11.000000
0.400000 0.255000 5.443904 15.000000
0.400000 0.130000 4.591210 13.000000
0.400000 0.072000 3.058166 9.000000
0.400000 0.178000 5.105248 14.000000
0.400000 0.293000 5.187592 14.000000
0.400000 0.529000 6.307102 17.000000
0.400000 0.079000 3.315032 10.000000
0.450000 0.159000 3.905777 10.000000
0.450000 0.324000 5.501719 14.000000
0.450000 0.163000 4.412976 11.000000
0.450000 0.187000 5.247799 13.000000
0.450000 0.081000 3.515331 9.000000
0.450000 0.082000 3.436906 9.000000
0.450000 0.151000 4.286415 11.000000
0.450000 0.119000 4.818036 12.000000
0.450000 0.131000 4.886094 12.000000
0.450000 0.086000 3.696737 10.000000
0.450000 0.139000 4.232957 11.000000
0.450000 0.589000 4.687507 12.000000
0.450000 0.075000 3.155416 9.000000
0.450000 0.087000 3.088688 8.000000
0.450000 0.176000 3.450315 9.000000
0.450000 0.078000 3.383100 9.000000
0.450000 0.106000 4.309243 11.000000
0.450000 0.099000 3.725044 10.000000
0.450000 0.084000 3.190599 9.000000
0.450000 0.179000 5.239925 13.000000
0.450000 0.112000 3.808549 10.000000
0.450000 0.115000 3.809361 10.000000
0.450000 0.074000 3.103418 8.000000
0.450000 0.111000 4.051794 11.000000
0.450000 0.137000 4.551665 12.000000
0.450000 0.123000 3.558813 9.000000
0.450000 0.095000 3.450909 9.000000
0.450000 0.083000 3.560253 9.000000
0.450000 0.139000 4.677483 12.000000
0.450000 0.076000 3.097547 8.000000
0.450000 0.152000 3.969479 10.000000
0.450000 0.094000 3.826407 10.000000
0.450000 0.229000 5.252875 13.000000
0.450000 0.085000 3.627548 10.000000
0.450000 0.098000 3.657135 10.000000
0.450000 0.211000 3.805843 10.000000
0.450000 0.119000 4.809863 12.000000
0.450000 0.089000 4.010366 10.000000
0.450000 0.198000 4.257472 11.000000
0.450000 0.104000 3.543574 9.000000
0.450000 0.113000 3.076697 8.000000
0.450000 0.198000 4.987755 13.000000
0.450000 0.179000 3.886576 10.000000
0.450000 0.080000 3.485029 9.000000
0.450000 0.218000 4.699916 12.000000
0.450000 0.666000 5.797668 14.000000
0.450000 0.090000 3.653198 10.000000
0.450000 0.084000 3.412391 9.000000
0.450000 0.087000 3.571631 9.000000
0.450000 0.217000 5.924965 15.000000
0.500000 0.150000 3.832471 9.000000
0.500000 0.098000 4.688334 11.000000
0.500000 0.146000 3.691112 9.000000
0.500000 0.081000 3.625452 9.000000
0.500000 0.144000 4.096360 10.000000
0.500000 0.198000 5.231365 12.000000
0.500000 0.168000 5.161974 12.000000
0.500000 0.130000 4.132183 10.000000
0.500000 0.093000 4.006245 10.000000
0.500000 0.073000 3.226474 8.000000
0.500000 0.103000 3.579885 9.000000
0.500000 0.077000 3.531899 9.000000
0.500000 0.071000 3.311186 8.000000
0.500000 0.078000 3.356460 8.000000
0.500000 0.096000 3.917775 9.000000
0.500000 0.207000 3.932635 9.000000
0.500000 0.082000 3.564668 9.000000
0.500000 0.205000 5.110534 12.000000
0.500000 0.236000 6.490303 14.000000
0.500000 0.128000 3.540341 9.000000
0.500000 0.085000 3.538781 9.000000
0.500000 0.180000 4.819480 11.000000
0.500000 0.083000 3.242907 8.000000
0.500000 0.313000 5.637856 13.000000
0.500000 0.139000 4.165436 10.000000
0.500000 0.078000 3.647932 9.000000
0.500000 0.253000 8.634608 19.000000
0.500000 0.118000 4.412843 10.000000
0.500000 0.077000 3.511080 9.000000
0.500000 0.091000 3.906127 9.000000
0.500000 0.107000 4.391408 10.000000
0.500000 0.178000 4.488469 10.000000
0.500000 0.122000 3.963026 9.000000
0.500000 0.449000 4.418735 10.000000
0.500000 0.153000 6.824626 15.000000
0.500000 0.221000 5.377431 12.000000
0.500000 0.185000 3.307889 8.000000
0.500000 0.079000 3.394877 8.000000
0.500000 0.079000 3.761888 9.000000
0.500000 0.110000 4.853624 11.000000
0.500000 0.091000 3.406612 8.000000
0.500000 0.100000 4.062767 10.000000
0.500000 0.813000 5.168167 12.000000
0.500000 0.096000 3.846248 9.000000
0.500000 0.076000 3.512481 9.000000
0.500000 0.121000 4.514025 11.000000
0.500000 0.171000 5.008352 12.000000
0.500000 0.117000 4.554141 11.000000
0.500000 0.346000 4.939962 11.000000
0.500000 0.148000 4.566784 11.000000
0.550000 0.264000 4.730213 10.000000
0.550000 0.127000 4.632817 10.000000
0.550000 0.117000 4.393700 9.000000
0.550000 0.206000 4.499707 10.000000
0.550000 0.173000 4.408632 10.000000
0.550000 0.135000 3.744167 8.000000
0.550000 0.225000 5.760628 12.000000
0.550000 0.075000 3.483431 8.000000
0.550000 0.098000 3.926894 9.000000
0.550000 0.209000 4.922454 10.000000
0.550000 0.187000 3.873498 9.000000
0.550000 0.094000 3.914852 9.000000
0.550000 0.139000 5.385624 11.000000
0.550000 0.237000 4.867278 10.000000
0.550000 0.139000 4.102983 9.000000
0.550000 0.098000 3.682664 8.000000
0.550000 0.135000 4.444363 10.000000
0.550000 0.156000 4.819587 10.000000
0.550000 0.152000 3.612869 8.000000
0.550000 0.154000 4.401838 10.000000
0.550000 0.092000 4.207188 9.000000
0.550000 0.324000 5.168758 11.000000
0.550000 0.079000 3.591905 8.000000
0.550000 0.090000 3.799084 8.000000
0.550000 0.088000 3.602355 8.000000
0.550000 0.119000 4.905031 10.000000
0.550000 0.168000 3.986296 9.000000
0.550000 0.207000 3.888865 9.000000
0.550000 0.152000 5.154289 11.000000
0.550000 0.072000 3.294685 7.000000
0.550000 0.102000 3.587259 8.000000
0.550000 0.183000 3.731909 8.000000
0.550000 0.093000 3.447736 8.000000
0.550000 0.101000 3.832250 8.000000
0.550000 0.183000 4.488590 10.000000
0.550000 0.115000 3.895031 9.000000
0.550000 0.092000 3.982270 9.000000
0.550000 0.175000 5.872621 12.000000
0.550000 0.269000 3.876855 9.000000
0.550000 0.107000 3.192060 7.000000
0.550000 0.279000 5.112300 11.000000
0.550000 0.147000 4.597926 10.000000
0.550000 0.271000 4.511955 10.000000
0.550000 0.083000 3.594486 8.000000
0.550000 0.081000 3.635208 8.000000
0.550000 0.119000 5.403067 11.000000
0.550000 0.097000 3.361240 8.000000
0.550000 0.078000 3.518925 8.000000
0.550000 0.096000 3.624870 8.000000
0.550000 0.432000 5.192909 11.000000
0.600000 0.106000 4.287849 9.000000
0.600000 0.216000 5.097668 10.000000
0.600000 0.141000 4.347804 9.000000
0.600000 0.090000 3.773110 8.000000
0.600000 0.168000 4.748223 9.000000
0.600000 0.100000 3.676297 8.000000
0.600000 0.146000 5.609325 11.000000
0.600000 0.070000 3.220863 7.000000
0.600000 0.098000 3.894947 8.000000
0.600000 0.163000 5.445523 11.000000
0.600000 0.127000 3.994781 8.000000
0.600000 0.189000 5.967605 11.000000
0.600000 0.148000 4.398754 9.000000
0.600000 0.181000 5.838433 11.000000
0.600000 0.149000 4.675708 9.000000
0.600000 0.110000 4.629142 9.000000
0.600000 0.095000 4.264392 9.000000
0.600000 0.136000 5.695188 11.000000
0.600000 0.095000 3.972998 8.000000
0.600000 0.090000 3.900013 8.000000
0.600000 0.094000 4.244322 9.000000
0.600000 0.165000 5.145017 10.000000
0.600000 0.132000 4.702204 9.000000
0.600000 0.093000 4.361069 9.000000
0.600000 0.100000 4.228214 9.000000
0.600000 0.107000 3.677508 8.000000
0.600000 0.149000 3.885493 8.000000
0.600000 0.151000 4.021500 8.000000
0.600000 0.084000 3.672828 8.000000
0.600000 0.148000 4.534179 9.000000
0.600000 0.089000 3.601614 8.000000
0.600000 0.101000 3.600658 8.000000
0.600000 0.106000 4.741676 9.000000
0.600000 0.235000 4.356355 9.000000
0.600000 0.155000 4.023415 8.000000
0.600000 0.087000 3.642352 8.000000
0.600000 0.137000 5.074376 10.000000
0.600000 0.158000 3.919987 8.000000
0.600000 0.120000 3.398060 7.000000
0.600000 0.105000 3.950687 8.000000
0.600000 0.235000 6.239988 12.000000
0.600000 0.139000 4.164423 8.000000
0.600000 0.186000 6.648076 13.000000
0.600000 0.091000 3.612010 8.000000
0.600000 0.146000 5.281360 10.000000
0.600000 0.110000 4.276117 9.000000
0.600000 0.106000 3.993507 8.000000
0.600000 0.132000 3.070660 7.000000
0.600000 0.114000 4.560967 9.000000
0.600000 0.141000 4.058977 8.000000
0.650000 0.091000 3.447848 7.000000
0.650000 0.139000 3.991233 8.000000
0.650000 0.243000 5.667615 10.000000
0.650000 0.102000 4.311866 8.000000
0.650000 0.078000 3.560187 7.000000
0.650000 0.081000 3.752884 7.000000
0.650000 0.080000 3.889324 7.000000
0.650000 0.133000 3.975700 8.000000
0.650000 0.137000 5.046964 9.000000
0.650000 0.141000 6.425872 11.000000
0.650000 0.097000 3.368820 7.000000
0.650000 0.077000 3.505437 7.000000
0.650000 0.074000 3.305920 7.000000
0.650000 0.101000 3.169185 6.000000
0.650000 0.085000 3.569012 7.000000
0.650000 0.130000 4.683219 9.000000
0.650000 0.216000 3.687456 7.000000
0.650000 0.110000 3.810825 7.000000
0.650000 0.316000 4.000673 8.000000
0.650000 0.113000 4.079456 8.000000
0.650000 0.077000 3.442333 7.000000
0.650000 0.119000 4.825855 9.000000
0.650000 0.134000 5.686227 10.000000
0.650000 0.084000 3.441579 7.000000
0.650000 0.186000 4.493117 8.000000
0.650000 0.241000 5.459305 10.000000
0.650000 0.125000 4.800923 9.000000
0.650000 0.241000 6.720560 12.000000
0.650000 0.227000 6.219556 11.000000
0.650000 0.242000 5.050285 9.000000
0.650000 0.222000 5.309154 10.000000
0.650000 0.082000 3.898625 7.000000
0.650000 0.107000 3.654340 7.000000
0.650000 0.078000 3.621574 7.000000
0.650000 0.210000 5.939325 11.000000
0.650000 0.287000 5.632237 10.000000
0.650000 0.086000 3.755856 7.000000
0.650000 0.131000 3.993096 8.000000
0.650000 0.293000 5.255931 10.000000
0.650000 0.163000 6.239158 11.000000
0.650000 0.148000 4.541759 8.000000
0.650000 0.245000 5.803080 10.000000
0.650000 0.104000 3.321078 7.000000
0.650000 0.084000 3.700557 7.000000
0.650000 0.183000 4.080338 8.000000
0.650000 0.151000 5.551047 10.000000
0.650000 0.423000 5.904371 11.000000
0.650000 0.206000 3.973790 8.000000
0.650000 0.185000 5.841896 10.000000
0.650000 0.113000 3.673109 7.000000
0.700000 0.067000 3.246597 6.000000
0.700000 0.192000 5.290358 9.000000
0.700000 0.114000 4.346439 8.000000
0.700000 0.278000 4.719258 8.000000
0.700000 0.345000 4.136128 7.000000
0.700000 0.088000 3.843713 7.000000
0.700000 0.080000 3.772515 7.000000
0.700000 0.085000 3.883808 7.000000
0.700000 0.230000 7.030398 12.000000
0.700000 0.165000 4.171215 7.000000
0.700000 0.142000 5.611915 10.000000
0.700000 0.081000 3.789106 7.000000
0.700000 0.268000 6.657774 11.000000
0.700000 0.137000 4.307852 8.000000
0.700000 0.105000 4.607561 8.000000
0.700000 0.302000 5.427577 9.000000
0.700000 0.284000 8.468771 14.000000
0.700000 0.168000 4.314918 8.000000
0.700000 0.109000 4.593660 8.000000
0.700000 0.072000 3.327640 6.000000
0.700000 0.120000 5.604017 10.000000
0.700000 0.147000 4.857894 8.000000
0.700000 0.088000 3.218993 6.000000
0.700000 0.141000 5.219507 9.000000
0.700000 0.078000 3.669169 7.000000
0.700000 0.283000 4.342903 8.000000
0.700000 0.138000 3.646950 7.000000
0.700000 0.161000 4.529143 8.000000
0.700000 0.133000 4.422790 8.000000
0.700000 0.117000 5.335296 9.000000
0.700000 0.107000 4.089153 7.000000
0.700000 0.157000 4.536595 8.000000
0.700000 0.140000 4.509617 8.000000
0.700000 0.153000 5.392082 9.000000
0.700000 0.095000 3.593778 7.000000
0.700000 0.078000 3.666403 7.000000
0.700000 0.326000 7.332626 12.000000
0.700000 0.229000 4.326812 8.000000
0.700000 0.146000 3.730235 7.000000
0.700000 0.347000 4.641786 8.000000
0.700000 0.145000 5.107753 9.000000
0.700000 0.072000 3.339205 6.000000
0.700000 0.094000 4.591072 8.000000
0.700000 0.130000 3.444625 6.000000
0.700000 0.069000 3.273854 6.000000
0.700000 0.097000 4.533390 8.000000
0.700000 0.318000 5.180456 9.000000
0.700000 0.285000 6.024369 10.000000
0.700000 0.094000 3.529679 7.000000
0.700000 0.171000 4.883396 8.000000
0.750000 0.074000 3.611943 6.000000
0.750000 0.242000 5.709271 9.000000
0.750000 0.126000 4.258901 7.000000
0.750000 0.123000 4.002428 7.000000
0.750000 0.301000 7.363546 11.000000
0.750000 0.120000 4.153366 7.000000
0.750000 0.191000 4.427928 7.000000
0.750000 0.082000 3.629902 6.000000
0.750000 0.083000 3.844361 7.000000
0.750000 0.185000 6.223086 10.000000
0.750000 0.276000 5.225376 8.000000
0.750000 0.159000 4.262254 7.000000
0.750000 0.162000 4.568027 8.000000
0.750000 0.214000 6.383303 10.000000
0.750000 0.254000 7.366890 11.000000
0.750000 0.092000 4.042976 7.000000
0.750000 0.234000 6.379729 10.000000
0.750000 0.110000 3.735601 6.000000
0.750000 0.095000 3.294730 6.000000
0.750000 0.287000 4.049086 7.000000
0.750000 0.108000 4.623291 8.000000
0.750000 0.349000 9.561452 14.000000
0.750000 0.118000 4.517522 8.000000
0.750000 0.081000 3.823560 7.000000
0.750000 0.135000 6.280719 10.000000
0.750000 0.078000 3.727651 6.000000
0.750000 0.105000 3.996108 7.000000
0.750000 0.245000 5.707653 9.000000
0.750000 0.158000 5.613890 9.000000
0.750000 0.112000 4.151081 7.000000
0.750000 0.099000 3.757945 7.000000
0.750000 0.091000 3.621598 6.000000
0.750000 0.081000 3.893737 7.000000
0.750000 0.075000 3.412134 6.000000
0.750000 0.080000 3.795178 7.000000
0.750000 0.074000 3.448782 6.000000
0.750000 0.387000 5.333498 9.000000
0.750000 0.075000 3.544081 6.000000
0.750000 0.081000 3.853874 7.000000
0.750000 0.414000 5.434690 9.000000
0.750000 0.075000 3.200501 6.000000
0.750000 0.084000 3.814565 7.000000
0.750000 0.267000 5.641676 9.000000
0.750000 0.104000 3.591825 6.000000
0.750000 0.780000 9.101201 14.000000
0.750000 0.079000 3.695918 6.000000
0.750000 0.124000 3.670973 6.000000
0.750000 0.087000 3.908722 7.000000
0.750000 0.105000 3.443000 6.000000
0.750000 0.152000 4.490121 7.000000
0.800000 0.148000 3.998421 6.000000
0.800000 0.084000 3.993836 6.000000
0.800000 0.072000 3.385859 6.000000
0.800000 0.081000 3.887055 6.000000
0.800000 0.093000 4.189221 7.000000
0.800000 0.202000 5.763228 9.000000
0.800000 0.264000 6.811625 10.000000
0.800000 0.084000 3.742650 6.000000
0.800000 0.090000 4.348646 7.000000
0.800000 0.089000 4.370993 7.000000
0.800000 0.123000 4.976571 8.000000
0.800000 0.130000 4.268475 7.000000
0.800000 0.229000 7.264596 11.000000
0.800000 0.153000 4.560014 7.000000
0.800000 0.115000 4.123001 7.000000
0.800000 0.146000 4.878054 8.000000
0.800000 0.083000 3.923673 6.000000
0.800000 0.091000 3.596754 6.000000
0.800000 0.147000 5.652687 9.000000
0.800000 0.193000 5.459110 8.000000
0.800000 0.203000 4.929617 8.000000
0.800000 0.096000 4.145833 7.000000
0.800000 0.103000 4.571497 7.000000
0.800000 0.162000 5.333946 8.000000
0.800000 0.114000 4.605144 7.000000
0.800000 0.132000 4.735734 7.000000
0.800000 0.081000 3.803651 6.000000
0.800000 0.232000 6.223694 9.000000
0.800000 0.135000 5.488906 8.000000
0.800000 0.141000 6.654613 10.000000
0.800000 0.070000 3.314664 6.000000
0.800000 0.162000 6.045810 9.000000
0.800000 0.158000 5.792211 9.000000
0.800000 0.081000 3.533584 6.000000
0.800000 0.113000 4.800698 8.000000
0.800000 0.074000 3.474614 6.000000
0.800000 0.350000 7.479064 11.000000
0.800000 0.100000 4.267122 7.000000
0.800000 0.150000 6.102771 9.000000
0.800000 0.146000 4.416588 7.000000
0.800000 0.154000 6.917474 10.000000
0.800000 0.192000 6.249504 9.000000
0.800000 0.120000 6.283968 9.000000
0.800000 0.320000 5.817875 9.000000
0.800000 0.118000 4.197392 7.000000
0.800000 0.160000 5.280060 8.000000
0.800000 0.141000 5.270683 8.000000
0.800000 0.183000 5.840497 9.000000
0.800000 0.264000 5.066956 8.000000
0.800000 0.112000 4.577259 7.000000
0.850000 0.112000 5.181435 8.000000
0.850000 0.155000 5.148521 8.000000
0.850000 0.173000 3.551146 6.000000
0.850000 0.342000 7.181590 10.000000
0.850000 0.081000 3.691785 6.000000
0.850000 0.117000 4.891983 7.000000
0.850000 0.155000 4.643225 7.000000
0.850000 0.307000 7.267358 10.000000
0.850000 0.085000 4.018170 6.000000
0.850000 0.093000 4.337187 7.000000
0.850000 0.116000 4.002121 6.000000
0.850000 0.207000 6.273919 9.000000
0.850000 0.114000 4.129449 6.000000
0.850000 0.154000 3.988468 6.000000
0.850000 0.185000 4.301079 7.000000
0.850000 0.109000 4.544474 7.000000
0.850000 0.117000 5.186577 8.000000
0.850000 0.084000 4.218409 6.000000
0.850000 0.122000 6.042758 9.000000
0.850000 0.082000 3.961861 6.000000
0.850000 0.115000 4.635832 7.000000
0.850000 0.095000 4.494156 7.000000
0.850000 0.111000 3.880759 6.000000
0.850000 0.096000 3.705157 6.000000
0.850000 0.359000 6.889045 10.000000
0.850000 0.198000 4.988617 7.000000
0.850000 0.195000 4.025144 6.000000
0.850000 0.086000 4.001236 6.000000
0.850000 0.220000 3.662498 6.000000
0.850000 0.096000 4.185864 6.000000
0.850000 0.109000 5.433397 8.000000
0.850000 0.257000 5.702394 8.000000
0.850000 0.130000 4.222844 6.000000
0.850000 0.157000 4.938609 7.000000
0.850000 0.299000 5.612342 8.000000
0.850000 0.223000 4.713617 7.000000
0.850000 0.246000 6.250747 9.000000
0.850000 0.255000 7.404768 10.000000
0.850000 0.247000 5.547953 8.000000
0.850000 0.148000 4.984865 7.000000
0.850000 0.306000 4.804355 7.000000
0.850000 0.204000 5.457198 8.000000
0.850000 0.272000 6.343257 9.000000
0.850000 0.082000 3.879532 6.000000
0.850000 0.116000 5.435739 8.000000
0.850000 0.183000 5.746475 8.000000
0.850000 0.122000 4.408186 7.000000
0.850000 0.089000 4.473860 7.000000
0.850000 0.159000 5.081670 7.000000
0.850000 0.184000 4.688662 7.000000
0.900000 0.085000 3.974591 6.000000
0.900000 0.082000 4.121433 6.000000
0.900000 0.092000 4.078189 6.000000
0.900000 0.080000 3.918386 6.000000
0.900000 0.153000 5.545853 8.000000
0.900000 0.114000 5.827379 8.000000
0.900000 0.075000 3.851956 6.000000
0.900000 0.201000 6.936864 9.000000
0.900000 0.089000 4.408334 6.000000
0.900000 0.082000 4.143544 6.000000
0.900000 0.081000 4.027140 6.000000
0.900000 0.391000 6.860673 9.000000
0.900000 0.208000 5.356740 7.000000
0.900000 0.165000 4.694445 7.000000
0.900000 0.260000 10.864738 14.000000
0.900000 0.091000 4.732172 7.000000
0.900000 0.099000 4.026223 6.000000
0.900000 0.141000 3.707937 6.000000
0.900000 0.078000 3.673782 6.000000
0.900000 0.106000 3.950162 6.000000
0.900000 0.611000 8.601034 11.000000
0.900000 0.294000 4.010045 6.000000
0.900000 0.103000 4.605492 7.000000
0.900000 0.114000 4.977220 7.000000
0.900000 0.201000 6.744908 9.000000
0.900000 0.143000 5.076214 7.000000
0.900000 0.199000 4.213852 6.000000
0.900000 0.102000 4.048583 6.000000
0.900000 0.120000 5.289029 7.000000
0.900000 0.084000 3.970790 6.000000
0.900000 0.183000 5.000066 7.000000
0.900000 0.142000 4.726976 7.000000
0.900000 0.287000 7.344390 10.000000
0.900000 0.194000 5.979228 8.000000
0.900000 0.107000 4.792558 7.000000
0.900000 0.253000 6.891170 9.000000
0.900000 0.176000 4.556818 7.000000
0.900000 0.115000 4.294911 6.000000
0.900000 0.113000 4.359819 6.000000
0.900000 0.280000 5.243596 7.000000
0.900000 0.078000 3.830076 6.000000
0.900000 0.121000 4.035483 6.000000
0.900000 0.090000 4.527687 7.000000
0.900000 0.075000 3.704245 6.000000
0.900000 0.225000 6.919546 9.000000
0.900000 0.092000 4.142056 6.000000
0.900000 0.226000 4.123520 6.000000
0.900000 0.115000 3.570043 5.000000
0.900000 0.233000 5.415183 8.000000
0.900000 0.079000 3.820186 6.000000
0.950000 0.170000 5.255164 7.000000
0.950000 0.153000 5.894018 8.000000
0.950000 0.134000 6.229559 8.000000
0.950000 0.101000 4.738131 6.000000
0.950000 0.430000 4.831499 7.000000
0.950000 0.080000 3.796983 5.000000
0.950000 0.075000 3.552663 5.000000
0.950000 0.116000 4.115008 6.000000
0.950000 0.270000 5.814179 8.000000
0.950000 0.085000 4.115139 6.000000
0.950000 0.240000 3.863600 6.000000
0.950000 0.092000 3.389421 5.000000
0.950000 0.213000 7.710925 10.000000
0.950000 0.125000 4.906703 7.000000
0.950000 0.075000 3.543177 5.000000
0.950000 0.087000 4.099413 6.000000
0.950000 0.116000 4.877542 7.000000
0.950000 0.091000 4.348766 6.000000
0.950000 0.270000 3.696201 5.000000
0.950000 0.079000 3.551054 5.000000
0.950000 0.103000 3.804889 6.000000
0.950000 0.199000 3.441714 5.000000
0.950000 0.085000 4.111559 6.000000
0.950000 0.232000 5.520886 7.000000
0.950000 0.075000 3.756205 5.000000
0.950000 0.126000 4.177008 6.000000
0.950000 0.091000 3.848511 6.000000
0.950000 0.083000 4.108363 6.000000
0.950000 0.156000 6.073796 8.000000
0.950000 0.476000 9.455170 11.000000
0.950000 0.136000 4.118814 6.000000
0.950000 0.172000 4.668586 6.000000
0.950000 0.121000 4.392687 6.000000
0.950000 0.147000 4.318806 6.000000
0.950000 0.135000 4.977367 7.000000
0.950000 0.128000 3.393593 5.000000
0.950000 0.086000 4.015404 6.000000
0.950000 0.124000 4.789452 7.000000
0.950000 0.205000 5.866636 8.000000
0.950000 0.120000 5.603400 7.000000
0.950000 0.143000 4.776079 7.000000
0.950000 0.113000 4.761536 7.000000
0.950000 0.087000 4.136307 6.000000
0.950000 0.197000 4.554697 6.000000
0.950000 0.264000 6.536806 8.000000
0.950000 0.129000 5.090558 7.000000
0.950000 0.306000 4.761133 7.000000
0.950000 0.108000 4.566568 6.000000
0.950000 0.126000 5.741626 8.000000
0.950000 0.118000 4.388655 6.000000
1.000000 0.100000 3.846783 5.000000
1.000000 0.213000 7.079684 9.000000
1.000000 0.174000 6.097550 8.000000
1.000000 0.166000 4.603614 6.000000
1.000000 0.075000 3.700508 5.000000
1.000000 0.100000 4.806014 6.000000
1.000000 0.161000 5.313216 7.000000
1.000000 0.090000 4.414303 6.000000
1.000000 0.123000 5.193640 7.000000
1.000000 0.146000 3.667993 5.000000
1.000000 0.132000 4.238008 6.000000
1.000000 0.121000 4.297372 6.000000
1.000000 0.119000 4.448050 6.000000
1.000000 0.092000 4.284549 6.000000
1.000000 0.279000 6.762893 8.000000
1.000000 0.273000 4.995508 6.000000
1.000000 0.177000 6.262249 8.000000
1.000000 0.130000 3.703497 5.000000
1.000000 0.086000 4.132580 6.000000
1.000000 0.086000 4.338715 6.000000
1.000000 0.200000 4.124566 6.000000
1.000000 0.178000 5.429702 7.000000
1.000000 0.252000 7.307093 9.000000
1.000000 0.327000 5.526141 7.000000
1.000000 0.186000 5.601660 7.000000
1.000000 0.085000 4.146654 6.000000
1.000000 0.127000 5.105893 7.000000
1.000000 0.176000 4.870605 6.000000
1.000000 0.401000 5.836899 7.000000
1.000000 0.348000 9.475634 11.000000
1.000000 0.155000 4.234350 6.000000
1.000000 0.149000 3.415052 5.000000
1.000000 0.114000 3.996982 5.000000
1.000000 0.089000 3.925048 5.000000
1.000000 0.235000 4.632976 6.000000
1.000000 0.068000 3.404832 5.000000
1.000000 0.096000 4.015457 6.000000
1.000000 0.210000 6.249743 8.000000
1.000000 0.192000 8.169252 10.000000
1.000000 0.113000 6.151684 8.000000
1.000000 0.093000 4.363694 6.000000
1.000000 0.124000 4.436474 6.000000
1.000000 0.140000 4.606042 6.000000
1.000000 0.094000 4.709601 6.000000
1.000000 0.183000 4.062058 6.000000
1.000000 0.090000 4.250311 6.000000
1.000000 0.227000 4.015570 6.000000
1.000000 0.138000 4.793616 6.000000
1.000000 0.096000 4.747072 6.000000
1.000000 0.119000 6.188256 8.000000
1.050000 0.127000 6.036616 7.000000
1.050000 0.298000 6.088391 7.000000
1.050000 0.090000 4.831175 6.000000
1.050000 0.083000 3.786826 5.000000
1.050000 0.100000 3.638129 5.000000
1.050000 0.169000 5.654481 7.000000
1.050000 0.114000 4.626206 6.000000
1.050000 0.109000 4.268923 6.000000
1.050000 0.305000 7.348583 8.000000
1.050000 0.538000 5.138662 6.000000
1.050000 0.100000 4.805996 6.000000
1.050000 0.086000 4.233448 6.000000
1.050000 0.086000 4.265882 6.000000
1.050000 0.078000 4.009675 5.000000
1.050000 0.166000 4.162985 5.000000
1.050000 0.082000 4.119015 5.000000
1.050000 0.139000 5.658613 7.000000
1.050000 0.294000 7.368550 9.000000
1.050000 0.205000 8.412009 10.000000
1.050000 0.120000 4.389318 6.000000
1.050000 0.099000 3.808317 5.000000
1.050000 0.404000 4.367818 6.000000
1.050000 0.318000 7.465672 9.000000
1.050000 0.234000 6.524360 8.000000
1.050000 0.088000 3.348818 5.000000
1.050000 0.375000 6.402760 8.000000
1.050000 0.116000 4.998380 6.000000
1.050000 0.468000 5.217468 6.000000
1.050000 0.116000 3.886859 5.000000
1.050000 0.253000 6.858010 8.000000
1.050000 0.087000 4.086162 5.000000
1.050000 0.109000 4.169881 5.000000
1.050000 0.118000 4.304432 6.000000
1.050000 0.083000 4.306086 6.000000
1.050000 0.199000 4.104271 5.000000
1.050000 0.084000 3.984592 5.000000
1.050000 0.183000 6.971816 8.000000
1.050000 0.375000 7.630248 9.000000
1.050000 0.169000 5.727189 7.000000
1.050000 0.116000 4.368215 6.000000
1.050000 0.287000 4.476626 6.000000
1.050000 0.273000 4.386931 6.000000
1.050000 0.128000 3.641096 5.000000
1.050000 0.220000 5.347856 7.000000
1.050000 0.160000 4.522993 6.000000
1.050000 0.106000 4.901637 6.000000
1.050000 0.100000 3.870464 5.000000
1.050000 0.109000 4.195688 5.000000
1.050000 0.091000 4.335510 6.000000
1.050000 0.313000 5.622336 7.000000
1.100000 0.151000 6.425300 7.000000
1.100000 0.209000 5.171304 6.000000
1.100000 0.151000 4.806765 6.000000
1.100000 0.069000 3.485043 5.000000
1.100000 0.308000 4.289264 5.000000
1.100000 0.147000 7.238571 8.000000
1.100000 0.121000 4.696307 6.000000
1.100000 0.258000 5.649587 7.000000
1.100000 0.131000 5.605548 7.000000
1.100000 0.085000 4.279054 5.000000
1.100000 0.117000 4.475081 6.000000
1.100000 0.201000 5.434363 6.000000
1.100000 0.115000 4.422991 6.000000
1.100000 0.192000 8.346252 9.000000
1.100000 0.120000 5.257472 6.000000
1.100000 0.087000 3.803746 5.000000
1.100000 0.174000 5.305464 6.000000
1.100000 0.105000 4.928468 6.000000
1.100000 0.160000 3.937505 5.000000
1.100000 0.135000 5.656834 7.000000
1.100000 0.088000 4.327418 5.000000
1.100000 0.091000 4.037895 5.000000
1.100000 0.096000 4.968776 6.000000
1.100000 0.203000 5.822911 7.000000
1.100000 0.089000 4.518225 6.000000
1.100000 0.354000 5.804310 7.000000
1.100000 0.119000 5.827938 7.000000
1.100000 0.073000 3.677139 5.000000
1.100000 0.194000 6.945045 8.000000
1.100000 0.190000 4.341925 5.000000
1.100000 0.408000 4.459929 6.000000
1.100000 0.194000 5.787443 7.000000
1.100000 0.299000 7.875678 9.000000
1.100000 0.116000 4.373227 5.000000
1.100000 0.149000 5.521046 7.000000
1.100000 0.261000 9.323754 10.000000
1.100000 0.333000 7.287195 8.000000
1.100000 0.098000 4.470052 6.000000
1.100000 0.155000 5.912442 7.000000
1.100000 0.067000 3.298260 4.000000
1.100000 0.083000 4.106391 5.000000
1.100000 0.361000 6.818329 8.000000
1.100000 0.116000 5.899017 7.000000
1.100000 0.200000 5.024726 6.000000
1.100000 0.151000 4.443081 6.000000
1.100000 0.274000 7.723485 9.000000
1.100000 0.323000 7.937650 9.000000
1.100000 0.102000 3.676452 5.000000
1.100000 0.079000 4.028761 5.000000
1.100000 0.362000 4.702743 6.000000
1.150000 0.134000 5.853556 7.000000
1.150000 0.181000 9.709300 10.000000
1.150000 0.111000 5.895404 7.000000
1.150000 0.089000 4.079728 5.000000
1.150000 0.128000 4.303152 5.000000
1.150000 0.144000 5.240760 6.000000
1.150000 0.176000 6.261982 7.000000
1.150000 0.174000 7.013486 8.000000
1.150000 0.156000 4.794897 6.000000
1.150000 0.220000 3.881799 5.000000
1.150000 0.091000 4.484538 5.000000
1.150000 0.100000 4.574590 5.000000
1.150000 0.088000 4.551281 5.000000
1.150000 0.352000 6.453755 7.000000
1.150000 0.174000 6.065794 7.000000
1.150000 0.286000 5.961127 7.000000
1.150000 0.233000 4.762452 6.000000
1.150000 0.142000 4.061097 5.000000
1.150000 0.130000 5.278027 6.000000
1.150000 0.119000 5.031811 6.000000
1.150000 0.156000 5.203763 6.000000
1.150000 0.386000 9.725436 10.000000
1.150000 0.080000 4.117942 5.000000
1.150000 0.110000 4.385781 5.000000
1.150000 0.086000 4.464895 5.000000
1.150000 0.266000 8.575359 9.000000
1.150000 0.130000 7.021502 8.000000
1.150000 0.103000 4.573644 5.000000
1.150000 0.084000 4.095240 5.000000
1.150000 0.079000 4.107275 5.000000
1.150000 0.140000 4.848784 6.000000
1.150000 0.084000 4.147276 5.000000
1.150000 0.217000 4.726358 6.000000
1.150000 0.156000 4.639418 6.000000
1.150000 0.100000 4.832424 6.000000
1.150000 0.256000 9.968234 10.000000
1.150000 0.077000 4.108679 5.000000
1.150000 0.112000 5.440795 6.000000
1.150000 0.404000 7.924666 8.000000
1.150000 0.286000 8.093152 9.000000
1.150000 0.139000 4.403433 5.000000
1.150000 0.163000 5.921280 7.000000
1.150000 0.227000 4.623070 6.000000
1.150000 0.209000 6.615576 7.000000
1.150000 0.190000 5.089990 6.000000
1.150000 0.137000 5.020705 6.000000
1.150000 0.072000 3.643922 5.000000
1.150000 0.100000 3.550078 5.000000
1.150000 0.089000 4.340247 5.000000
1.150000 0.231000 7.716043 8.000000
1.200000 0.469000 4.153607 5.000000
1.200000 0.179000 8.520342 9.000000
1.200000 0.120000 3.734731 5.000000
1.200000 0.073000 3.783501 5.000000
1.200000 0.405000 11.920524 11.000000
1.200000 0.272000 8.033944 8.000000
1.200000 0.292000 6.059740 7.000000
1.200000 0.503000 4.438983 5.000000
1.200000 0.076000 3.834446 5.000000
1.200000 0.084000 4.032474 5.000000
1.200000 0.191000 5.912193 6.000000
1.200000 0.341000 5.249601 6.000000
1.200000 0.211000 5.334789 6.000000
1.200000 0.128000 6.377009 7.000000
1.200000 0.216000 5.136308 6.000000
1.200000 0.211000 7.880504 8.000000
1.200000 0.105000 5.261750 6.000000
1.200000 0.089000 4.420465 5.000000
1.200000 0.207000 7.292655 8.000000
1.200000 0.175000 7.234366 8.000000
1.200000 0.241000 5.276115 6.000000
1.200000 0.156000 4.316018 5.000000
1.200000 0.397000 10.463322 10.000000
1.200000 0.100000 4.484578 5.000000
1.200000 0.139000 4.658232 5.000000
1.200000 0.117000 5.049424 6.000000
1.200000 0.198000 6.439657 7.000000
1.200000 0.183000 5.623384 6.000000
1.200000 0.102000 4.888956 6.000000
1.200000 0.090000 4.696022 5.000000
1.200000 0.135000 5.501430 6.000000
1.200000 0.212000 5.213356 6.000000
1.200000 0.085000 4.454086 5.000000
1.200000 0.085000 4.312279 5.000000
1.200000 0.095000 4.561512 5.000000
1.200000 0.229000 6.613301 7.000000
1.200000 0.113000 4.575187 5.000000
1.200000 0.312000 5.992343 6.000000
1.200000 0.167000 5.309791 6.000000
1.200000 0.136000 5.396945 6.000000
1.200000 0.238000 8.375169 8.000000
1.200000 0.088000 4.444942 5.000000
1.200000 0.257000 6.029534 7.000000
1.200000 0.126000 6.208048 7.000000
1.200000 0.107000 3.508390 4.000000
1.200000 0.089000 4.503791 5.000000
1.200000 0.134000 5.470593 6.000000
1.200000 0.349000 9.102137 9.000000
1.200000 0.180000 4.764688 5.000000
1.200000 0.088000 4.548195 5.000000
1.250000 0.509000 10.678427 10.000000
1.250000 0.265000 9.158584 9.000000
1.250000 0.103000 4.877638 5.000000
1.250000 0.267000 5.327541 6.000000
1.250000 0.187000 7.245974 7.000000
1.250000 0.073000 4.277020 5.000000
1.250000 0.148000 4.100408 5.000000
1.250000 0.365000 9.122295 9.000000
1.250000 0.143000 6.339290 7.000000
1.250000 0.118000 5.417338 6.000000
1.250000 0.109000 4.264086 5.000000
1.250000 0.166000 5.782624 6.000000
1.250000 0.093000 4.905908 5.000000
1.250000 0.094000 4.504310 5.000000
1.250000 0.129000 6.872606 7.000000
1.250000 0.116000 4.063029 5.000000
1.250000 0.123000 4.992952 5.000000
1.250000 0.142000 7.137852 7.000000
1.250000 0.098000 3.886629 5.000000
1.250000 0.125000 4.207712 5.000000
1.250000 0.102000 5.822692 6.000000
1.250000 0.188000 6.567838 7.000000
1.250000 0.179000 7.861285 8.000000
1.250000 0.453000 6.873784 7.000000
1.250000 0.230000 7.374384 7.000000
1.250000 0.109000 4.496124 5.000000
1.250000 0.068000 3.623261 4.000000
1.250000 0.223000 5.647420 6.000000
1.250000 0.119000 5.965690 6.000000
1.250000 0.351000 10.909285 10.000000
1.250000 0.182000 5.444992 6.000000
1.250000 0.316000 9.839640 9.000000
1.250000 0.182000 4.461819 5.000000
1.250000 0.119000 6.509670 7.000000
1.250000 0.145000 4.693502 5.000000
1.250000 0.126000 5.874575 6.000000
1.250000 0.139000 3.920312 5.000000
1.250000 0.143000 4.196801 5.000000
1.250000 0.296000 3.875788 5.000000
1.250000 0.112000 5.339265 6.000000
1.250000 0.123000 5.487397 6.000000
1.250000 0.079000 3.891868 5.000000
1.250000 0.232000 6.253371 7.000000
1.250000 0.145000 4.950164 5.000000
1.250000 0.190000 6.607862 7.000000
1.250000 0.105000 4.848831 5.000000
1.250000 0.103000 5.613640 6.000000
1.250000 0.114000 4.093708 5.000000
1.250000 0.344000 9.009802 9.000000
1.250000 0.087000 4.315634 5.000000
1.300000 0.235000 6.873954 7.000000
1.300000 0.093000 4.628387 5.000000
1.300000 0.102000 4.469536 5.000000
1.300000 0.100000 4.768707 5.000000
1.300000 0.306000 5.887456 6.000000
1.300000 0.094000 4.551068 5.000000
1.300000 0.309000 4.977173 5.000000
1.300000 0.374000 7.168659 7.000000
1.300000 0.158000 5.790178 6.000000
1.300000 0.198000 4.288904 5.000000
1.300000 0.280000 4.890940 5.000000
1.300000 0.093000 5.057066 5.000000
1.300000 0.164000 4.012163 5.000000
1.300000 0.252000 5.817195 6.000000
1.300000 0.158000 5.323711 6.000000
1.300000 0.140000 6.377860 6.000000
1.300000 0.499000 7.822101 8.000000
1.300000 0.534000 11.738065 11.000000
1.300000 0.368000 5.686961 6.000000
1.300000 0.189000 4.469408 5.000000
1.300000 0.116000 4.634503 5.000000
1.300000 0.238000 4.576843 5.000000
1.300000 0.097000 4.640122 5.000000
1.300000 0.091000 4.633334 5.000000
1.300000 0.081000 4.000869 5.000000
1.300000 0.097000 5.180913 5.000000
1.300000 0.119000 4.539098 5.000000
1.300000 0.075000 3.745782 4.000000
1.300000 0.102000 3.671290 4.000000
1.300000 0.095000 4.846927 5.000000
1.300000 0.327000 9.119660 9.000000
1.300000 0.102000 4.883559 5.000000
1.300000 0.142000 5.033371 5.000000
1.300000 0.117000 3.934072 5.000000
1.300000 0.331000 10.418980 10.000000
1.300000 0.090000 4.559535 5.000000
1.300000 0.176000 6.232546 6.000000
1.300000 0.099000 4.625220 5.000000
1.300000 0.075000 4.084005 5.000000
1.300000 0.165000 4.944455 5.000000
1.300000 0.241000 6.294764 6.000000
1.300000 0.141000 5.824083 6.000000
1.300000 0.097000 4.939022 5.000000
1.300000 0.095000 5.103388 5.000000
1.300000 0.109000 5.681397 6.000000
1.300000 0.077000 4.048897 5.000000
1.300000 0.070000 3.865360 4.000000
1.300000 0.182000 3.934384 5.000000
1.300000 0.082000 3.996082 5.000000
1.300000 0.087000 4.352453 5.000000
1.350000 0.238000 9.573154 9.000000
1.350000 0.105000 4.549545 5.000000
1.350000 0.096000 4.751908 5.000000
1.350000 0.150000 6.828807 7.000000
1.350000 0.118000 5.745328 6.000000
1.350000 0.307000 5.301618 5.000000
1.350000 0.133000 5.560609 6.000000
1.350000 0.073000 4.041886 4.000000
1.350000 0.243000 7.972007 7.000000
1.350000 0.131000 5.567693 6.000000
1.350000 0.347000 6.162709 6.000000
1.350000 0.163000 5.353119 5.000000
1.350000 0.119000 4.451666 5.000000
1.350000 0.090000 4.580260 5.000000
1.350000 0.095000 4.891349 5.000000
1.350000 0.161000 5.772156 6.000000
1.350000 0.127000 4.873391 5.000000
1.350000 0.338000 8.124375 8.000000
1.350000 0.182000 5.219002 5.000000
1.350000 0.200000 5.497640 6.000000
1.350000 0.115000 4.300748 5.000000
1.350000 0.198000 6.771627 7.000000
1.350000 0.332000 7.010122 7.000000
1.350000 0.242000 4.813033 5.000000
1.350000 0.112000 5.435986 6.000000
1.350000 0.066000 3.671436 4.000000
1.350000 0.219000 6.398762 6.000000
1.350000 0.185000 5.620849 6.000000
1.350000 0.142000 6.443156 6.000000
1.350000 0.130000 4.935098 5.000000
1.350000 0.111000 5.670617 6.000000
1.350000 0.106000 3.983877 4.000000
1.350000 0.236000 3.439341 4.000000
1.350000 0.327000 8.686958 8.000000
1.350000 0.084000 4.563893 5.000000
1.350000 0.096000 4.907326 5.000000
1.350000 0.262000 4.564817 5.000000
1.350000 0.077000 3.885735 4.000000
1.350000 0.131000 4.594293 5.000000
1.350000 0.216000 8.131971 8.000000
1.350000 0.272000 3.892918 4.000000
1.350000 0.118000 6.117049 6.000000
1.350000 0.206000 7.509316 7.000000
1.350000 0.152000 6.836643 7.000000
1.350000 0.123000 4.829831 5.000000
1.350000 0.116000 3.893774 4.000000
1.350000 0.179000 7.248425 7.000000
1.350000 0.170000 4.196482 5.000000
1.350000 0.131000 6.601839 6.000000
1.350000 0.082000 4.434697 5.000000
1.400000 0.202000 9.433120 8.000000
1.400000 0.128000 3.792769 4.000000
1.400000 0.101000 3.774905 4.000000
1.400000 0.109000 5.988774 6.000000
1.400000 0.092000 4.893264 5.000000
1.400000 0.086000 4.416092 5.000000
1.400000 0.314000 7.498473 7.000000
1.400000 0.112000 5.858974 6.000000
1.400000 0.137000 5.266426 5.000000
1.400000 0.098000 5.402139 5.000000
1.400000 0.097000 4.918763 5.000000
1.400000 0.408000 5.926121 6.000000
1.400000 0.093000 4.787491 5.000000
1.400000 0.077000 4.179944 4.000000
1.400000 0.090000 4.880044 5.000000
1.400000 0.362000 9.044725 8.000000
1.400000 0.138000 5.764991 6.000000
1.400000 0.086000 4.377577 5.000000
1.400000 0.147000 4.319832 5.000000
1.400000 0.204000 5.067893 5.000000
1.400000 0.203000 7.880152 7.000000
1.400000 0.310000 6.808715 6.000000
1.400000 0.114000 5.706379 6.000000
1.400000 0.096000 4.971686 5.000000
1.400000 0.092000 5.105760 5.000000
1.400000 0.115000 5.103282 5.000000
1.400000 0.097000 4.922652 5.000000
1.400000 0.107000 4.646948 5.000000
1.400000 0.116000 5.717452 6.000000
1.400000 0.207000 4.644194 5.000000
1.400000 0.081000 4.477572 5.000000
1.400000 0.203000 4.759846 5.000000
1.400000 0.173000 6.612075 6.000000
1.400000 0.124000 5.827992 6.000000
1.400000 0.336000 8.286658 7.000000
1.400000 0.226000 6.374625 6.000000
1.400000 0.146000 6.431317 6.000000
1.400000 0.123000 6.189046 6.000000
1.400000 0.196000 6.698853 6.000000
1.400000 0.201000 8.624436 8.000000
1.400000 0.432000 6.754558 6.000000
1.400000 0.126000 4.805932 5.000000
1.400000 0.115000 4.565799 5.000000
1.400000 0.225000 6.228808 6.000000
1.400000 0.109000 4.342670 5.000000
1.400000 0.401000 5.479053 5.000000
1.400000 0.165000 4.861946 5.000000
1.400000 0.076000 4.047001 4.000000
1.400000 0.112000 5.016367 5.000000
1.400000 0.149000 7.364106 7.000000
1.450000 0.076000 3.941561 4.000000
1.450000 0.078000 4.429625 5.000000
1.450000 0.156000 5.898437 6.000000
1.450000 0.196000 4.582642 5.000000
1.450000 0.110000 5.836023 6.000000
1.450000 0.114000 5.100937 5.000000
1.450000 0.138000 7.252179 7.000000
1.450000 0.096000 4.897434 5.000000
1.450000 0.173000 6.922028 6.000000
1.450000 0.349000 4.373001 5.000000
1.450000 0.089000 4.510043 5.000000
1.450000 0.125000 4.462219 5.000000
1.450000 0.087000 4.856483 5.000000
1.450000 0.177000 4.388633 5.000000
1.450000 0.071000 3.981256 4.000000
1.450000 0.180000 7.469713 7.000000
1.450000 0.096000 5.084333 5.000000
1.450000 0.182000 5.009340 5.000000
1.450000 0.340000 8.467426 7.000000
1.450000 0.211000 6.561813 6.000000
1.450000 0.153000 4.784364 5.000000
1.450000 0.227000 8.300899 7.000000
1.450000 0.085000 4.617659 5.000000
1.450000 0.370000 9.417592 8.000000
1.450000 0.223000 6.015858 6.000000
1.450000 0.114000 4.744092 5.000000
1.450000 0.096000 4.101489 4.000000
1.450000 0.075000 4.116276 4.000000
1.450000 0.112000 5.993409 6.000000
1.450000 0.081000 4.206726 4.000000
1.450000 0.099000 5.653256 5.000000
1.450000 0.243000 6.288834 6.000000
1.450000 0.115000 5.368094 5.000000
1.450000 0.293000 7.706748 7.000000
1.450000 0.146000 6.908918 6.000000
1.450000 0.177000 7.302721 7.000000
1.450000 0.232000 5.366801 5.000000
1.450000 0.208000 6.976542 6.000000
1.450000 0.162000 8.815146 8.000000
1.450000 0.245000 4.893383 5.000000
1.450000 0.073000 4.039585 4.000000
1.450000 0.153000 4.832353 5.000000
1.450000 0.325000 9.109921 8.000000
1.450000 0.076000 4.192754 4.000000
1.450000 0.264000 5.126576 5.000000
1.450000 0.085000 4.033218 4.000000
1.450000 0.103000 5.015324 5.000000
1.450000 0.268000 10.086238 8.000000
1.450000 0.142000 7.263210 7.000000
1.450000 0.086000 4.563449 5.000000
1.500000 0.185000 5.505207 5.000000
1.500000 0.400000 10.843028 9.000000
1.500000 0.191000 6.192928 6.000000
1.500000 0.143000 6.277555 6.000000
1.500000 0.099000 4.936783 5.000000
1.500000 0.126000 4.842223 5.000000
1.500000 0.146000 5.985194 5.000000
1.500000 0.300000 5.007028 5.000000
1.500000 0.388000 4.727766 5.000000
1.500000 0.219000 6.855926 6.000000
1.500000 0.115000 4.435072 4.000000
1.500000 0.170000 6.252374 6.000000
1.500000 0.161000 4.608149 5.000000
1.500000 0.375000 6.357963 6.000000
1.500000 0.247000 6.891709 6.000000
1.500000 0.289000 8.462831 7.000000
1.500000 0.113000 6.298503 6.000000
1.500000 0.093000 4.629457 5.000000
1.500000 0.147000 4.553939 5.000000
1.500000 0.093000 5.100148 5.000000
1.500000 0.105000 3.512165 4.000000
1.500000 0.208000 9.884464 8.000000
1.500000 0.079000 4.592329 5.000000
1.500000 0.100000 4.503752 5.000000
1.500000 0.120000 6.190976 6.000000
1.500000 0.096000 4.830691 5.000000
1.500000 0.119000 4.809672 5.000000
1.500000 0.432000 9.986127 8.000000
1.500000 0.261000 7.254377 6.000000
1.500000 0.145000 6.237750 6.000000
1.500000 0.155000 5.776672 5.000000
1.500000 0.394000 7.907972 7.000000
1.500000 0.077000 4.123225 4.000000
1.500000 0.267000 5.219033 5.000000
1.500000 0.322000 11.857328 9.000000
1.500000 0.097000 5.203097 5.000000
1.500000 0.284000 4.949782 5.000000
1.500000 0.163000 7.026842 6.000000
1.500000 0.078000 4.193629 4.000000
1.500000 0.115000 4.459354 4.000000
1.500000 0.235000 7.168717 6.000000
1.500000 0.229000 5.117284 5.000000
1.500000 0.198000 8.887942 7.000000
1.500000 0.083000 4.913346 5.000000
1.500000 0.079000 4.469650 4.000000
1.500000 0.109000 6.335963 6.000000
1.500000 0.184000 4.691638 5.000000
1.500000 0.097000 5.195609 5.000000
1.500000 0.221000 5.327092 5.000000
1.500000 0.103000 4.855555 5.000000
1.550000 0.115000 5.880967 5.000000
1.550000 0.287000 8.157754 7.000000
1.550000 0.240000 6.770996 6.000000
1.550000 0.127000 4.703985 5.000000
1.550000 0.221000 7.397303 6.000000
1.550000 0.338000 5.644617 5.000000
1.550000 0.432000 11.572797 9.000000
1.550000 0.102000 4.989328 5.000000
1.550000 0.094000 4.729481 5.000000
1.550000 0.152000 5.747628 5.000000
1.550000 0.236000 11.869898 9.000000
1.550000 0.080000 4.350989 4.000000
1.550000 0.142000 6.396499 6.000000
1.550000 0.166000 8.211458 7.000000
1.550000 0.091000 4.846482 5.000000
1.550000 0.177000 8.266100 7.000000
1.550000 0.152000 5.477308 5.000000
1.550000 0.107000 5.764672 5.000000
1.550000 0.096000 5.159007 5.000000
1.550000 0.266000 4.978220 5.000000
1.550000 0.098000 5.064348 5.000000
1.550000 0.298000 5.918406 5.000000
1.550000 0.351000 7.294920 6.000000
1.550000 0.186000 4.618429 4.000000
1.550000 0.079000 4.604047 4.000000
1.550000 0.106000 5.485654 5.000000
1.550000 0.260000 8.188084 7.000000
1.550000 0.256000 6.113593 5.000000
1.550000 0.139000 4.785502 5.000000
1.550000 0.105000 5.077479 5.000000
1.550000 0.172000 6.855112 6.000000
1.550000 0.185000 5.886597 5.000000
1.550000 0.178000 4.457057 4.000000
1.550000 0.520000 4.259267 4.000000
1.550000 0.254000 5.738991 5.000000
1.550000 0.078000 4.427351 4.000000
1.550000 0.209000 8.486067 7.000000
1.550000 0.100000 4.585754 4.000000
1.550000 0.277000 6.849838 6.000000
1.550000 0.187000 4.895036 5.000000
1.550000 0.086000 4.707185 5.000000
1.550000 0.350000 10.287830 8.000000
1.550000 0.096000 5.006587 5.000000
1.550000 0.090000 4.784075 5.000000
1.550000 0.251000 7.382487 6.000000
1.550000 0.160000 5.138265 5.000000
1.550000 0.092000 4.929487 5.000000
1.550000 0.092000 4.618246 4.000000
1.550000 0.145000 4.623226 4.000000
1.550000 0.265000 5.820460 5.000000
1.600000 0.133000 4.881876 5.000000
1.600000 0.092000 5.100032 5.000000
1.600000 0.483000 5.472926 5.000000
1.600000 0.244000 5.817135 5.000000
1.600000 0.243000 9.564544 7.000000
1.600000 0.207000 5.891674 5.000000
1.600000 0.337000 6.471626 6.000000
1.600000 0.096000 5.514725 5.000000
1.600000 0.132000 5.253967 5.000000
1.600000 0.108000 5.409607 5.000000
1.600000 0.120000 4.731582 4.000000
1.600000 0.322000 4.689714 4.000000
1.600000 0.267000 10.184551 8.000000
1.600000 0.349000 8.237021 7.000000
1.600000 0.124000 5.096608 5.000000
1.600000 0.216000 5.893335 5.000000
1.600000 0.116000 4.577948 4.000000
1.600000 0.084000 4.770491 4.000000
1.600000 0.183000 7.384118 6.000000
1.600000 0.148000 8.745704 7.000000
1.600000 0.194000 10.720698 8.000000
1.600000 0.104000 5.967882 5.000000
1.600000 0.298000 8.234750 7.000000
1.600000 0.149000 6.517061 6.000000
1.600000 0.088000 4.889681 5.000000
1.600000 0.599000 5.333067 5.000000
1.600000 0.282000 8.259673 7.000000
1.600000 0.096000 5.086666 5.000000
1.600000 0.413000 7.388948 6.000000
1.600000 0.255000 11.275508 9.000000
1.600000 0.268000 9.257051 7.000000
1.600000 0.132000 5.298184 5.000000
1.600000 0.221000 6.518914 6.000000
1.600000 0.117000 5.925113 5.000000
1.600000 0.146000 5.186175 5.000000
1.600000 0.122000 4.990266 5.000000
1.600000 0.075000 4.198031 4.000000
1.600000 0.102000 5.333358 5.000000
1.600000 0.120000 4.692130 4.000000
1.600000 0.255000 7.368100 6.000000
1.600000 0.161000 6.967391 6.000000
1.600000 0.192000 6.505268 6.000000
1.600000 0.142000 5.444078 5.000000
1.600000 0.112000 5.711226 5.000000
1.600000 0.217000 4.974081 5.000000
1.600000 0.473000 9.551922 7.000000
1.600000 0.180000 6.621739 6.000000
1.600000 0.137000 5.945441 5.000000
1.600000 0.468000 7.958043 6.000000
1.600000 0.197000 7.286775 6.000000
1.650000 0.131000 5.066180 5.000000
1.650000 0.116000 5.779186 5.000000
1.650000 0.158000 4.799922 4.000000
1.650000 0.130000 6.298142 5.000000
1.650000 0.107000 5.394735 5.000000
1.650000 0.087000 4.838747 4.000000
1.650000 0.134000 4.728500 4.000000
1.650000 0.210000 5.975537 5.000000
1.650000 0.102000 5.159401 5.000000
1.650000 0.219000 4.725042 4.000000
1.650000 0.194000 8.170847 6.000000
1.650000 0.096000 5.160280 5.000000
1.650000 0.087000 4.801742 4.000000
1.650000 0.095000 5.223268 5.000000
1.650000 0.102000 5.076705 5.000000
1.650000 0.083000 4.586648 4.000000
1.650000 0.117000 5.435470 5.000000
1.650000 0.090000 5.022733 5.000000
1.650000 0.110000 5.668799 5.000000
1.650000 0.228000 4.818493 4.000000
1.650000 0.101000 5.609765 5.000000
1.650000 0.236000 7.989436 6.000000
1.650000 0.252000 10.686002 8.000000
1.650000 0.269000 8.765573 7.000000
1.650000 0.509000 11.946655 9.000000
1.650000 0.185000 5.230798 5.000000
1.650000 0.128000 5.634344 5.000000
1.650000 0.131000 5.127682 5.000000
1.650000 0.151000 6.127302 5.000000
1.650000 0.082000 4.642422 4.000000
1.650000 0.089000 5.077739 5.000000
1.650000 0.099000 5.319455 5.000000
1.650000 0.067000 4.081541 4.000000
1.650000 0.117000 4.951897 5.000000
1.650000 0.445000 9.124792 7.000000
1.650000 0.101000 5.957678 5.000000
1.650000 0.101000 5.409704 5.000000
1.650000 0.066000 3.710713 4.000000
1.650000 0.194000 8.255074 7.000000
1.650000 0.139000 6.777894 6.000000
1.650000 0.156000 5.695104 5.000000
1.650000 0.166000 6.264169 5.000000
1.650000 0.244000 5.397787 5.000000
1.650000 0.191000 5.836999 5.000000
1.650000 0.144000 8.008313 6.000000
1.650000 0.298000 5.012577 5.000000
1.650000 0.182000 6.397306 5.000000
1.650000 0.133000 6.102595 5.000000
1.650000 0.334000 5.181092 5.000000
1.650000 0.247000 8.449458 7.000000
1.700000 0.162000 6.565795 5.000000
1.700000 0.186000 9.008608 7.000000
1.700000 0.364000 8.822761 7.000000
1.700000 0.313000 6.261723 5.000000
1.700000 0.282000 7.694752 6.000000
1.700000 0.227000 8.183182 6.000000
1.700000 0.121000 4.959768 4.000000
1.700000 0.213000 5.856198 5.000000
1.700000 0.128000 5.393504 5.000000
1.700000 0.167000 7.211390 6.000000
1.700000 0.318000 11.374948 8.000000
1.700000 0.120000 7.407998 6.000000
1.700000 0.106000 5.179215 5.000000
1.700000 0.223000 10.352292 8.000000
1.700000 0.142000 6.244869 5.000000
1.700000 0.103000 6.199826 5.000000
1.700000 0.095000 5.116088 5.000000
1.700000 0.228000 8.080279 6.000000
1.700000 0.087000 5.024818 4.000000
1.700000 0.269000 8.145476 6.000000
1.700000 0.111000 5.693890 5.000000
1.700000 0.151000 8.399316 6.000000
1.700000 0.182000 5.888672 5.000000
1.700000 0.200000 6.748010 5.000000
1.700000 0.085000 4.691457 4.000000
1.700000 0.140000 4.277231 4.000000
1.700000 0.109000 5.197251 5.000000
1.700000 0.109000 5.984632 5.000000
1.700000 0.070000 4.216935 4.000000
1.700000 0.098000 5.241900 5.000000
1.700000 0.092000 5.226353 5.000000
1.700000 0.269000 5.723181 5.000000
1.700000 0.147000 5.805727 5.000000
1.700000 0.406000 5.672940 5.000000
1.700000 0.129000 4.826024 4.000000
1.700000 0.134000 7.403789 6.000000
1.700000 0.078000 4.572024 4.000000
1.700000 0.126000 6.918631 6.000000
1.700000 0.265000 6.422843 5.000000
1.700000 0.367000 5.014503 4.000000
1.700000 0.091000 5.057588 4.000000
1.700000 0.123000 6.240620 5.000000
1.700000 0.161000 6.924030 6.000000
1.700000 0.115000 5.513907 5.000000
1.700000 0.087000 4.997323 4.000000
1.700000 0.121000 6.009390 5.000000
1.700000 0.111000 5.714441 5.000000
1.700000 0.384000 5.404831 5.000000
1.700000 0.124000 4.927127 4.000000
1.700000 0.090000 4.784395 4.000000
1.750000 0.101000 5.368272 5.000000
1.750000 0.709000 4.782321 4.000000
1.750000 0.092000 5.567121 5.000000
1.750000 0.141000 7.019566 6.000000
1.750000 0.296000 8.110001 6.000000
1.750000 0.278000 7.416163 6.000000
1.750000 0.165000 5.694700 5.000000
1.750000 0.096000 5.325548 5.000000
1.750000 0.089000 5.180963 4.000000
1.750000 0.174000 7.966660 6.000000
1.750000 0.210000 7.283557 6.000000
1.750000 0.171000 6.393988 5.000000
1.750000 0.164000 6.814529 5.000000
1.750000 0.122000 5.874505 5.000000
1.750000 0.173000 7.882946 6.000000
1.750000 0.105000 5.638174 5.000000
1.750000 0.138000 7.183772 6.000000
1.750000 0.239000 5.777337 5.000000
1.750000 0.352000 7.926914 6.000000
1.750000 0.121000 5.080081 4.000000
1.750000 0.152000 5.646633 5.000000
1.750000 0.183000 5.914926 5.000000
1.750000 0.147000 7.736059 6.000000
1.750000 0.163000 8.328325 6.000000
1.750000 0.225000 7.614655 6.000000
1.750000 0.172000 5.194156 4.000000
1.750000 0.089000 5.300895 5.000000
1.750000 0.140000 5.274132 5.000000
1.750000 0.167000 5.325224 5.000000
1.750000 0.107000 5.168741 4.000000
1.750000 0.150000 5.204537 4.000000
1.750000 0.165000 7.689357 6.000000
1.750000 0.200000 6.284764 5.000000
1.750000 0.096000 6.000086 5.000000
1.750000 0.118000 4.941618 4.000000
1.750000 0.173000 6.721531 5.000000
1.750000 0.200000 4.974217 4.000000
1.750000 0.126000 5.124958 4.000000
1.750000 0.221000 7.920435 6.000000
1.750000 0.110000 5.782953 5.000000
1.750000 0.147000 4.979984 4.000000
1.750000 0.594000 9.218934 7.000000
1.750000 0.148000 6.035276 5.000000
1.750000 0.155000 5.447188 5.000000
1.750000 0.093000 5.247509 4.000000
1.750000 0.071000 4.178712 4.000000
1.750000 0.290000 7.129957 6.000000
1.750000 0.263000 5.448823 5.000000
1.750000 0.153000 5.782200 5.000000
1.750000 0.114000 6.109417 5.000000
1.800000 0.112000 6.093969 5.000000
1.800000 0.141000 5.945905 5.000000
1.800000 0.157000 4.512173 4.000000
1.800000 0.083000 4.839690 4.000000
1.800000 0.284000 6.445559 5.000000
1.800000 0.151000 6.039467 5.000000
1.800000 0.110000 5.957611 5.000000
1.800000 0.096000 5.615428 5.000000
1.800000 0.114000 6.724924 5.000000
1.800000 0.281000 5.899475 5.000000
1.800000 0.270000 9.515139 7.000000
1.800000 0.196000 6.177853 5.000000
1.800000 0.222000 8.056770 6.000000
1.800000 0.162000 4.742191 4.000000
1.800000 0.451000 11.211747 8.000000
1.800000 0.100000 5.348151 4.000000
1.800000 0.478000 13.353996 9.000000
1.800000 0.104000 6.153185 5.000000
1.800000 0.099000 5.245752 4.000000
1.800000 0.371000 10.024017 7.000000
1.800000 0.097000 5.475119 5.000000
1.800000 0.264000 8.052132 6.000000
1.800000 0.142000 6.061293 5.000000
1.800000 0.385000 11.745895 8.000000
1.800000 0.223000 7.388642 6.000000
1.800000 0.344000 11.123394 8.000000
1.800000 0.093000 4.761934 4.000000
1.800000 0.179000 5.810266 5.000000
1.800000 0.083000 4.649060 4.000000
1.800000 0.094000 5.262204 4.000000
1.800000 0.179000 10.833031 8.000000
1.800000 0.098000 5.420907 5.000000
1.800000 0.358000 7.373065 6.000000
1.800000 0.131000 4.873315 4.000000
1.800000 0.425000 8.674384 6.000000
1.800000 0.100000 5.612687 5.000000
1.800000 0.282000 9.252885 7.000000
1.800000 0.194000 6.615353 5.000000
1.800000 0.245000 6.038459 5.000000
1.800000 0.100000 5.462730 5.000000
1.800000 0.214000 9.062164 7.000000
1.800000 0.535000 9.443254 7.000000
1.800000 0.171000 5.135478 4.000000
1.800000 0.239000 8.577309 6.000000
1.800000 0.164000 6.377841 5.000000
1.800000 0.102000 6.062606 5.000000
1.800000 0.109000 6.017496 5.000000
1.800000 0.125000 6.544412 5.000000
1.800000 0.760000 6.863432 5.000000
1.800000 0.176000 8.936264 6.000000
1.850000 0.569000 5.738873 5.000000
1.850000 0.230000 6.428622 5.000000
1.850000 0.408000 9.163723 6.000000
1.850000 0.103000 5.369754 4.000000
1.850000 0.084000 4.786291 4.000000
1.850000 0.146000 5.865793 5.000000
1.850000 0.283000 9.077226 7.000000
1.850000 0.231000 9.046649 6.000000
1.850000 0.153000 5.977446 5.000000
1.850000 0.227000 8.932210 6.000000
1.850000 0.361000 5.723522 5.000000
1.850000 0.402000 12.408545 8.000000
1.850000 0.160000 5.208296 4.000000
1.850000 0.181000 5.691590 5.000000
1.850000 0.538000 11.982144 8.000000
1.850000 0.229000 6.989495 5.000000
1.850000 0.274000 8.984316 6.000000
1.850000 0.106000 5.871572 5.000000
1.850000 0.318000 7.989539 6.000000
1.850000 0.078000 4.773432 4.000000
1.850000 0.163000 8.837691 6.000000
1.850000 0.100000 5.517929 4.000000
1.850000 0.077000 4.475641 4.000000
1.850000 0.069000 4.175216 4.000000
1.850000 0.342000 5.512771 4.000000
1.850000 0.566000 13.873175 9.000000
1.850000 0.372000 14.595850 9.000000
1.850000 0.238000 8.881247 6.000000
1.850000 0.098000 5.517616 4.000000
1.850000 0.111000 5.747119 5.000000
1.850000 0.170000 8.260800 6.000000
1.850000 0.187000 9.125766 6.000000
1.850000 0.152000 5.700306 5.000000
1.850000 0.094000 5.426442 4.000000
1.850000 0.069000 4.385328 4.000000
1.850000 0.154000 4.471675 4.000000
1.850000 0.099000 5.665191 5.000000
1.850000 0.277000 5.468512 4.000000
1.850000 0.300000 11.613117 8.000000
1.850000 0.217000 6.252093 5.000000
1.850000 0.213000 8.572935 6.000000
1.850000 0.248000 5.933339 5.000000
1.850000 0.122000 5.157507 4.000000
1.850000 0.220000 6.523066 5.000000
1.850000 0.181000 5.579393 5.000000
1.850000 0.116000 5.589697 5.000000
1.850000 0.453000 5.842713 5.000000
1.850000 0.134000 5.604566 5.000000
1.850000 0.234000 7.183715 5.000000
1.850000 0.103000 5.890137 5.000000
1.900000 0.193000 9.897816 7.000000
1.900000 0.231000 7.890900 6.000000
1.900000 0.204000 8.391773 6.000000
1.900000 0.277000 10.252560 7.000000
1.900000 0.180000 8.624605 6.000000
1.900000 0.123000 4.734683 4.000000
1.900000 0.198000 7.439205 5.000000
1.900000 0.092000 5.569349 4.000000
1.900000 0.233000 4.835338 4.000000
1.900000 0.239000 9.510841 7.000000
1.900000 0.209000 6.899592 5.000000
1.900000 0.155000 6.157606 5.000000
1.900000 0.102000 5.642941 4.000000
1.900000 0.256000 5.299963 4.000000
1.900000 0.295000 6.280709 5.000000
1.900000 0.265000 7.543514 5.000000
1.900000 0.171000 6.702198 5.000000
1.900000 0.238000 6.265091 5.000000
1.900000 0.073000 3.778833 3.000000
1.900000 0.290000 5.465840 4.000000
1.900000 0.121000 5.068915 4.000000
1.900000 0.328000 12.826303 8.000000
1.900000 0.100000 5.699886 4.000000
1.900000 0.093000 5.387858 4.000000
1.900000 0.220000 9.453604 6.000000
1.900000 0.117000 6.904700 5.000000
1.900000 0.534000 5.886943 5.000000
1.900000 0.227000 9.181241 6.000000
1.900000 0.277000 9.395654 6.000000
1.900000 0.082000 5.156676 4.000000
1.900000 0.113000 6.265742 5.000000
1.900000 0.159000 9.987812 7.000000
1.900000 0.433000 8.489341 6.000000
1.900000 0.575000 13.707028 9.000000
1.900000 0.171000 8.125597 6.000000
1.900000 0.283000 5.640671 4.000000
1.900000 0.176000 5.732099 5.000000
1.900000 0.230000 8.956411 6.000000
1.900000 0.118000 4.714664 4.000000
1.900000 0.091000 5.188664 4.000000
1.900000 0.223000 8.228261 6.000000
1.900000 0.102000 5.483053 4.000000
1.900000 0.082000 4.700939 4.000000
1.900000 0.169000 3.851337 4.000000
1.900000 0.147000 7.839127 6.000000
1.900000 0.105000 5.363460 4.000000
1.900000 0.147000 8.049034 6.000000
1.900000 0.232000 6.040061 5.000000
1.900000 0.166000 5.613611 4.000000
1.900000 0.158000 7.411970 5.000000
1.950000 0.172000 5.592073 4.000000
1.950000 0.173000 5.341399 4.000000
1.950000 0.218000 5.498312 4.000000
1.950000 0.111000 6.296531 5.000000
1.950000 0.235000 11.572745 7.000000
1.950000 0.137000 5.477417 4.000000
1.950000 0.204000 8.047581 6.000000
1.950000 0.113000 6.304271 5.000000
1.950000 0.206000 7.131240 5.000000
1.950000 0.109000 6.969393 5.000000
1.950000 0.218000 5.439126 4.000000
1.950000 0.130000 5.598236 4.000000
1.950000 0.423000 10.575701 7.000000
1.950000 0.339000 11.770780 8.000000
1.950000 0.216000 9.125894 6.000000
1.950000 0.151000 6.834714 5.000000
1.950000 0.194000 4.744249 4.000000
1.950000 0.073000 4.213114 4.000000
1.950000 0.201000 6.293301 5.000000
1.950000 0.209000 6.498743 5.000000
1.950000 0.196000 6.095257 5.000000
1.950000 0.170000 5.879747 5.000000
1.950000 0.117000 6.481346 5.000000
1.950000 0.125000 7.857095 6.000000
1.950000 0.183000 7.006990 5.000000
1.950000 0.121000 6.861717 5.000000
1.950000 0.093000 5.463297 4.000000
1.950000 0.168000 7.145516 5.000000
1.950000 0.142000 8.155049 6.000000
1.950000 0.234000 6.131203 5.000000
1.950000 0.448000 5.978409 5.000000
1.950000 0.101000 5.783911 4.000000
1.950000 0.193000 5.541971 4.000000
1.950000 0.174000 7.786361 5.000000
1.950000 0.109000 5.913974 5.000000
1.950000 0.340000 5.637456 4.000000
1.950000 0.146000 8.464142 6.000000
1.950000 0.202000 7.587239 5.000000
1.950000 0.536000 10.199300 7.000000
1.950000 0.119000 5.234287 4.000000
1.950000 0.463000 9.434710 6.000000
1.950000 0.085000 5.021721 4.000000
1.950000 0.198000 6.216016 5.000000
1.950000 0.122000 6.259340 5.000000
1.950000 0.085000 5.003042 4.000000
1.950000 0.113000 6.780120 5.000000
1.950000 0.139000 7.916005 6.000000
1.950000 0.088000 4.955487 4.000000
1.950000 0.129000 6.558595 5.000000
1.950000 0.206000 4.161304 4.000000
2.000000 0.249000 9.156509 6.000000
2.000000 0.219000 6.442038 5.000000
2.000000 0.348000 6.445742 5.000000
2.000000 0.110000 4.280240 4.000000
2.000000 0.571000 8.922702 6.000000
2.000000 0.124000 6.621108 5.000000
2.000000 0.089000 5.231682 4.000000
2.000000 0.115000 5.970923 4.000000
2.000000 0.101000 5.533220 4.000000
2.000000 0.072000 4.127779 4.000000
2.000000 0.067000 4.024046 4.000000
2.000000 0.611000 15.605329 10.000000
2.000000 0.528000 12.267318 8.000000
2.000000 0.313000 8.732178 6.000000
2.000000 0.179000 7.404933 5.000000
2.000000 0.193000 9.223374 6.000000
2.000000 0.154000 8.872268 6.000000
2.000000 0.331000 6.608332 5.000000
2.000000 0.080000 4.470775 4.000000
2.000000 0.097000 5.645605 4.000000
2.000000 0.398000 9.029504 6.000000
2.000000 0.437000 7.237169 5.000000
2.000000 0.111000 5.977444 4.000000
2.000000 0.238000 9.915175 6.000000
2.000000 0.210000 9.360209 6.000000
2.000000 0.313000 12.642603 8.000000
2.000000 0.161000 6.984689 5.000000
2.000000 0.102000 5.821098 4.000000
2.000000 0.150000 5.895350 4.000000
2.000000 0.211000 5.428444 4.000000
2.000000 0.145000 8.725092 6.000000
2.000000 0.507000 9.843803 6.000000
2.000000 0.357000 9.964963 6.000000
2.000000 0.109000 5.927609 4.000000
2.000000 0.151000 6.281128 5.000000
2.000000 0.266000 8.640217 6.000000
2.000000 0.112000 7.107375 5.000000
2.000000 0.551000 11.573529 7.000000
2.000000 0.215000 7.003685 5.000000
2.000000 0.091000 5.395141 4.000000
2.000000 0.182000 6.888877 5.000000
2.000000 0.246000 9.265787 6.000000
2.000000 0.193000 7.543141 5.000000
2.000000 0.101000 5.782180 4.000000
2.000000 0.330000 11.453881 7.000000
2.000000 0.167000 7.087064 5.000000
2.000000 0.181000 5.617042 4.000000
2.000000 0.344000 4.153967 4.000000
2.000000 0.157000 8.406396 6.000000
2.000000 0.106000 5.795465 4.000000
