-0.300000 0.200000  360
-0.275000 0.200000  360
-0.250000 0.200000  360
-0.225000 0.200000  360
-0.200000 0.200000  360
-0.175000 0.200000  360
-0.150000 0.200000  360
-0.125000 0.200000  360
-0.100000 0.200000  360
-0.075000 0.200000  360
-0.050000 0.200000  360
-0.025000 0.200000  360
0.000000 0.200000  360
0.025000 0.200000  360
0.050000 0.200000  360
0.075000 0.200000  360
0.100000 0.200000  360
0.125000 0.200000  360
0.150000 0.200000  360
0.175000 0.200000  360
0.200000 0.200000  360
0.225000 0.200000  360
0.250000 0.200000  360
0.275000 0.200000  360
-0.300000 0.175000  360
-0.275000 0.175000  360
-0.250000 0.175000  360
-0.225000 0.175000  360
-0.200000 0.175000  360
-0.175000 0.175000  360
-0.150000 0.175000  360
-0.125000 0.175000  360
-0.100000 0.175000  360
-0.075000 0.175000  360
-0.050000 0.175000  360
-0.025000 0.175000  360
0.000000 0.175000  360
0.025000 0.175000  360
0.050000 0.175000  360
0.075000 0.175000  360
0.100000 0.175000  360
0.125000 0.175000  360
0.150000 0.175000  360
0.175000 0.175000  360
0.200000 0.175000  360
0.225000 0.175000  360
0.250000 0.175000  360
0.275000 0.175000  360
-0.300000 0.150000  360
-0.275000 0.150000  360
-0.250000 0.150000  360
-0.225000 0.150000  360
-0.200000 0.150000  360
-0.175000 0.150000  360
-0.150000 0.150000  360
-0.125000 0.150000  360
-0.100000 0.150000  360
-0.075000 0.150000  360
-0.050000 0.150000  360
-0.025000 0.150000  360
0.000000 0.150000  360
0.025000 0.150000  360
0.050000 0.150000  360
0.075000 0.150000  360
0.100000 0.150000  360
0.125000 0.150000  360
0.150000 0.150000  360
0.175000 0.150000  360
0.200000 0.150000  360
0.225000 0.150000  360
0.250000 0.150000  360
0.275000 0.150000  360
-0.300000 0.125000  360
-0.275000 0.125000  360
-0.250000 0.125000  360
-0.225000 0.125000  360
-0.200000 0.125000  360
-0.175000 0.125000  360
-0.150000 0.125000  360
-0.125000 0.125000  360
-0.100000 0.125000  360
-0.075000 0.125000  360
-0.050000 0.125000  360
-0.025000 0.125000  360
0.000000 0.125000  360
0.025000 0.125000  360
0.050000 0.125000  360
0.075000 0.125000  360
0.100000 0.125000  360
0.125000 0.125000  360
0.150000 0.125000  360
0.175000 0.125000  360
0.200000 0.125000  360
0.225000 0.125000  360
0.250000 0.125000  360
0.275000 0.125000  360
-0.300000 0.100000  360
-0.275000 0.100000  360
-0.250000 0.100000  360
-0.225000 0.100000  360
-0.200000 0.100000  360
-0.175000 0.100000  360
-0.150000 0.100000  360
-0.125000 0.100000  360
-0.100000 0.100000  360
-0.075000 0.100000  360
-0.050000 0.100000  360
-0.025000 0.100000  360
0.000000 0.100000  360
0.025000 0.100000  360
0.050000 0.100000  360
0.075000 0.100000  360
0.100000 0.100000  360
0.125000 0.100000  360
0.150000 0.100000  360
0.175000 0.100000  360
0.200000 0.100000  360
0.225000 0.100000  360
0.250000 0.100000  360
0.275000 0.100000  360
-0.300000 0.075000  360
-0.275000 0.075000  360
-0.250000 0.075000  360
-0.225000 0.075000  360
-0.200000 0.075000  360
-0.175000 0.075000  360
-0.150000 0.075000  360
-0.125000 0.075000  360
-0.100000 0.075000  360
-0.075000 0.075000  360
-0.050000 0.075000  360
-0.025000 0.075000  360
0.000000 0.075000  360
0.025000 0.075000  360
0.050000 0.075000  360
0.075000 0.075000  360
0.100000 0.075000  360
0.125000 0.075000  360
0.150000 0.075000  360
0.175000 0.075000  360
0.200000 0.075000  360
0.225000 0.075000  360
0.250000 0.075000  360
0.275000 0.075000  360
-0.300000 0.050000  360
-0.275000 0.050000  360
-0.250000 0.050000  360
-0.225000 0.050000  360
-0.200000 0.050000  360
-0.175000 0.050000  360
-0.150000 0.050000  360
-0.125000 0.050000  360
-0.100000 0.050000  360
-0.075000 0.050000  360
-0.050000 0.050000  360
-0.025000 0.050000  360
0.000000 0.050000  360
0.025000 0.050000  360
0.050000 0.050000  360
0.075000 0.050000  360
0.100000 0.050000  360
0.125000 0.050000  360
0.150000 0.050000  360
0.175000 0.050000  360
0.200000 0.050000  360
0.225000 0.050000  360
0.250000 0.050000  360
0.275000 0.050000  360
-0.300000 0.025000  360
-0.275000 0.025000  360
-0.250000 0.025000  360
-0.225000 0.025000  360
-0.200000 0.025000  360
-0.175000 0.025000  360
-0.150000 0.025000  360
-0.125000 0.025000  360
-0.100000 0.025000  360
-0.075000 0.025000  360
-0.050000 0.025000  360
-0.025000 0.025000  360
0.000000 0.025000  360
0.025000 0.025000  360
0.050000 0.025000  360
0.075000 0.025000  360
0.100000 0.025000  360
0.125000 0.025000  360
0.150000 0.025000  360
0.175000 0.025000  360
0.200000 0.025000  360
0.225000 0.025000  360
0.250000 0.025000  360
0.275000 0.025000  360
-0.300000 -0.000000  360
-0.275000 -0.000000  360
-0.250000 -0.000000  360
-0.225000 -0.000000  360
-0.200000 -0.000000  360
-0.175000 -0.000000  360
-0.150000 -0.000000  360
-0.125000 -0.000000  360
-0.100000 -0.000000  360
-0.075000 -0.000000  360
-0.050000 -0.000000  360
-0.025000 -0.000000  360
0.000000 -0.000000  360
0.025000 -0.000000  360
0.050000 -0.000000  360
0.075000 -0.000000  360
0.100000 -0.000000  360
0.125000 -0.000000  360
0.150000 -0.000000  360
0.175000 -0.000000  360
0.200000 -0.000000  360
0.225000 -0.000000  360
0.250000 -0.000000  360
0.275000 -0.000000  360
-0.300000 -0.025000  360
-0.275000 -0.025000  360
-0.250000 -0.025000  360
-0.225000 -0.025000  360
-0.200000 -0.025000  360
-0.175000 -0.025000  360
-0.150000 -0.025000  360
-0.125000 -0.025000  360
-0.100000 -0.025000  360
-0.075000 -0.025000  360
-0.050000 -0.025000  360
-0.025000 -0.025000  360
0.000000 -0.025000  360
0.025000 -0.025000  360
0.050000 -0.025000  360
0.075000 -0.025000  360
0.100000 -0.025000  360
0.125000 -0.025000  360
0.150000 -0.025000  360
0.175000 -0.025000  360
0.200000 -0.025000  360
0.225000 -0.025000  360
0.250000 -0.025000  360
0.275000 -0.025000  360
-0.300000 -0.050000  0
-0.275000 -0.050000  360
-0.250000 -0.050000  360
-0.225000 -0.050000  360
-0.200000 -0.050000  360
-0.175000 -0.050000  360
-0.150000 -0.050000  360
-0.125000 -0.050000  360
-0.100000 -0.050000  360
-0.075000 -0.050000  360
-0.050000 -0.050000  360
-0.025000 -0.050000  360
0.000000 -0.050000  360
0.025000 -0.050000  360
0.050000 -0.050000  360
0.075000 -0.050000  360
0.100000 -0.050000  360
0.125000 -0.050000  360
0.150000 -0.050000  360
0.175000 -0.050000  360
0.200000 -0.050000  360
0.225000 -0.050000  360
0.250000 -0.050000  360
0.275000 -0.050000  360
-0.300000 -0.075000  0
-0.275000 -0.075000  0
-0.250000 -0.075000  360
-0.225000 -0.075000  360
-0.200000 -0.075000  360
-0.175000 -0.075000  360
-0.150000 -0.075000  360
-0.125000 -0.075000  360
-0.100000 -0.075000  360
-0.075000 -0.075000  360
-0.050000 -0.075000  360
-0.025000 -0.075000  360
0.000000 -0.075000  360
0.025000 -0.075000  360
0.050000 -0.075000  360
0.075000 -0.075000  360
0.100000 -0.075000  360
0.125000 -0.075000  360
0.150000 -0.075000  360
0.175000 -0.075000  360
0.200000 -0.075000  360
0.225000 -0.075000  360
0.250000 -0.075000  360
0.275000 -0.075000  360
-0.300000 -0.100000  0
-0.275000 -0.100000  0
-0.250000 -0.100000  0
-0.225000 -0.100000  360
-0.200000 -0.100000  360
-0.175000 -0.100000  360
-0.150000 -0.100000  360
-0.125000 -0.100000  360
-0.100000 -0.100000  360
-0.075000 -0.100000  360
-0.050000 -0.100000  360
-0.025000 -0.100000  360
0.000000 -0.100000  360
0.025000 -0.100000  360
0.050000 -0.100000  360
0.075000 -0.100000  360
0.100000 -0.100000  360
0.125000 -0.100000  360
0.150000 -0.100000  360
0.175000 -0.100000  360
0.200000 -0.100000  360
0.225000 -0.100000  360
0.250000 -0.100000  360
0.275000 -0.100000  360
-0.300000 -0.125000  0
-0.275000 -0.125000  0
-0.250000 -0.125000  0
-0.225000 -0.125000  0
-0.200000 -0.125000  360
-0.175000 -0.125000  360
-0.150000 -0.125000  360
-0.125000 -0.125000  360
-0.100000 -0.125000  360
-0.075000 -0.125000  360
-0.050000 -0.125000  360
-0.025000 -0.125000  360
0.000000 -0.125000  360
0.025000 -0.125000  360
0.050000 -0.125000  360
0.075000 -0.125000  360
0.100000 -0.125000  360
0.125000 -0.125000  360
0.150000 -0.125000  360
0.175000 -0.125000  360
0.200000 -0.125000  360
0.225000 -0.125000  360
0.250000 -0.125000  360
0.275000 -0.125000  360
-0.300000 -0.150000  0
-0.275000 -0.150000  0
-0.250000 -0.150000  0
-0.225000 -0.150000  0
-0.200000 -0.150000  0
-0.175000 -0.150000  360
-0.150000 -0.150000  360
-0.125000 -0.150000  360
-0.100000 -0.150000  360
-0.075000 -0.150000  360
-0.050000 -0.150000  360
-0.025000 -0.150000  360
0.000000 -0.150000  360
0.025000 -0.150000  360
0.050000 -0.150000  360
0.075000 -0.150000  360
0.100000 -0.150000  360
0.125000 -0.150000  360
0.150000 -0.150000  360
0.175000 -0.150000  360
0.200000 -0.150000  360
0.225000 -0.150000  360
0.250000 -0.150000  360
0.275000 -0.150000  360
-0.300000 -0.175000  0
-0.275000 -0.175000  0
-0.250000 -0.175000  0
-0.225000 -0.175000  0
-0.200000 -0.175000  0
-0.175000 -0.175000  0
-0.150000 -0.175000  0
-0.125000 -0.175000  360
-0.100000 -0.175000  360
-0.075000 -0.175000  360
-0.050000 -0.175000  360
-0.025000 -0.175000  360
0.000000 -0.175000  360
0.025000 -0.175000  360
0.050000 -0.175000  360
0.075000 -0.175000  360
0.100000 -0.175000  360
0.125000 -0.175000  360
0.150000 -0.175000  360
0.175000 -0.175000  360
0.200000 -0.175000  360
0.225000 -0.175000  360
0.250000 -0.175000  360
0.275000 -0.175000  360
-0.300000 -0.200000  0
-0.275000 -0.200000  0
-0.250000 -0.200000  0
-0.225000 -0.200000  0
-0.200000 -0.200000  0
-0.175000 -0.200000  0
-0.150000 -0.200000  0
-0.125000 -0.200000  0
-0.100000 -0.200000  360
-0.075000 -0.200000  360
-0.050000 -0.200000  360
-0.025000 -0.200000  360
0.000000 -0.200000  360
0.025000 -0.200000  360
0.050000 -0.200000  360
0.075000 -0.200000  360
0.100000 -0.200000  360
0.125000 -0.200000  360
0.150000 -0.200000  360
0.175000 -0.200000  360
0.200000 -0.200000  360
0.225000 -0.200000  360
0.250000 -0.200000  360
0.275000 -0.200000  360
-0.300000 -0.225000  0
-0.275000 -0.225000  0
-0.250000 -0.225000  0
-0.225000 -0.225000  0
-0.200000 -0.225000  0
-0.175000 -0.225000  0
-0.150000 -0.225000  0
-0.125000 -0.225000  0
-0.100000 -0.225000  0
-0.075000 -0.225000  0
-0.050000 -0.225000  360
-0.025000 -0.225000  360
0.000000 -0.225000  360
0.025000 -0.225000  360
0.050000 -0.225000  360
0.075000 -0.225000  360
0.100000 -0.225000  360
0.125000 -0.225000  360
0.150000 -0.225000  360
0.175000 -0.225000  360
0.200000 -0.225000  360
0.225000 -0.225000  360
0.250000 -0.225000  360
0.275000 -0.225000  360
-0.300000 -0.250000  0
-0.275000 -0.250000  0
-0.250000 -0.250000  0
-0.225000 -0.250000  0
-0.200000 -0.250000  0
-0.175000 -0.250000  0
-0.150000 -0.250000  0
-0.125000 -0.250000  0
-0.100000 -0.250000  0
-0.075000 -0.250000  0
-0.050000 -0.250000  0
-0.025000 -0.250000  0
0.000000 -0.250000  360
0.025000 -0.250000  360
0.050000 -0.250000  360
0.075000 -0.250000  360
0.100000 -0.250000  360
0.125000 -0.250000  360
0.150000 -0.250000  360
0.175000 -0.250000  360
0.200000 -0.250000  360
0.225000 -0.250000  360
0.250000 -0.250000  360
0.275000 -0.250000  360
-0.300000 -0.275000  0
-0.275000 -0.275000  0
-0.250000 -0.275000  0
-0.225000 -0.275000  0
-0.200000 -0.275000  0
-0.175000 -0.275000  0
-0.150000 -0.275000  0
-0.125000 -0.275000  0
-0.100000 -0.275000  0
-0.075000 -0.275000  0
-0.050000 -0.275000  0
-0.025000 -0.275000  0
0.000000 -0.275000  0
0.025000 -0.275000  0
0.050000 -0.275000  360
0.075000 -0.275000  360
0.100000 -0.275000  360
0.125000 -0.275000  360
0.150000 -0.275000  360
0.175000 -0.275000  360
0.200000 -0.275000  360
0.225000 -0.275000  360
0.250000 -0.275000  360
0.275000 -0.275000  360
-0.300000 -0.300000  0
-0.275000 -0.300000  0
-0.250000 -0.300000  0
-0.225000 -0.300000  0
-0.200000 -0.300000  0
-0.175000 -0.300000  0
-0.150000 -0.300000  0
-0.125000 -0.300000  0
-0.100000 -0.300000  0
-0.075000 -0.300000  0
-0.050000 -0.300000  0
-0.025000 -0.300000  0
0.000000 -0.300000  0
0.025000 -0.300000  0
0.050000 -0.300000  0
0.075000 -0.300000  0
-0.300000 -0.325000  0
-0.275000 -0.325000  0
-0.250000 -0.325000  0
-0.225000 -0.325000  0
-0.200000 -0.325000  0
-0.175000 -0.325000  0
-0.150000 -0.325000  0
-0.125000 -0.325000  0
-0.100000 -0.325000  0
-0.075000 -0.325000  0
-0.050000 -0.325000  0
-0.025000 -0.325000  0
0.000000 -0.325000  0
0.025000 -0.325000  0
0.050000 -0.325000  0
0.075000 -0.325000  0
-0.300000 -0.350000  0
-0.275000 -0.350000  0
-0.250000 -0.350000  0
-0.225000 -0.350000  0
-0.200000 -0.350000  0
-0.175000 -0.350000  0
-0.150000 -0.350000  0
-0.125000 -0.350000  0
-0.100000 -0.350000  0
-0.075000 -0.350000  0
-0.050000 -0.350000  0
-0.025000 -0.350000  0
0.000000 -0.350000  0
0.025000 -0.350000  0
0.050000 -0.350000  0
0.075000 -0.350000  0
-0.300000 -0.375000  0
-0.275000 -0.375000  0
-0.250000 -0.375000  0
-0.225000 -0.375000  0
-0.200000 -0.375000  0
-0.175000 -0.375000  0
-0.150000 -0.375000  0
-0.125000 -0.375000  0
-0.100000 -0.375000  0
-0.075000 -0.375000  0
-0.050000 -0.375000  0
-0.025000 -0.375000  0
0.000000 -0.375000  0
0.025000 -0.375000  0
0.050000 -0.375000  0
0.075000 -0.375000  0
-0.300000 -0.400000  0
-0.275000 -0.400000  0
-0.250000 -0.400000  0
-0.225000 -0.400000  0
-0.200000 -0.400000  0
-0.175000 -0.400000  0
-0.150000 -0.400000  0
-0.125000 -0.400000  0
-0.100000 -0.400000  0
-0.075000 -0.400000  0
-0.050000 -0.400000  0
-0.025000 -0.400000  0
0.000000 -0.400000  0
0.025000 -0.400000  0
0.050000 -0.400000  0
0.075000 -0.400000  0
-0.300000 -0.425000  0
-0.275000 -0.425000  0
-0.250000 -0.425000  0
-0.225000 -0.425000  0
-0.200000 -0.425000  0
-0.175000 -0.425000  0
-0.150000 -0.425000  0
-0.125000 -0.425000  0
-0.100000 -0.425000  0
-0.075000 -0.425000  0
-0.050000 -0.425000  0
-0.025000 -0.425000  0
0.000000 -0.425000  0
0.025000 -0.425000  0
0.050000 -0.425000  0
0.075000 -0.425000  0
-0.300000 -0.450000  0
-0.275000 -0.450000  0
-0.250000 -0.450000  0
-0.225000 -0.450000  0
-0.200000 -0.450000  0
-0.175000 -0.450000  0
-0.150000 -0.450000  0
-0.125000 -0.450000  0
-0.100000 -0.450000  0
-0.075000 -0.450000  0
-0.050000 -0.450000  0
-0.025000 -0.450000  0
0.000000 -0.450000  0
0.025000 -0.450000  0
0.050000 -0.450000  0
0.075000 -0.450000  0
-0.300000 -0.475000  0
-0.275000 -0.475000  0
-0.250000 -0.475000  0
-0.225000 -0.475000  0
-0.200000 -0.475000  0
-0.175000 -0.475000  0
-0.150000 -0.475000  0
-0.125000 -0.475000  0
-0.100000 -0.475000  0
-0.075000 -0.475000  0
-0.050000 -0.475000  0
-0.025000 -0.475000  0
0.000000 -0.475000  0
0.025000 -0.475000  0
0.050000 -0.475000  0
0.075000 -0.475000  0
