-0.300000 0.200000  1080
-0.200000 0.200000  1440
-0.100000 0.200000  1440
-0.000000 0.200000  1440
0.100000 0.200000  1440
0.200000 0.200000  1440
0.300000 0.200000  1440
-0.300000 0.100000  1440
-0.200000 0.100000  1440
-0.100000 0.100000  1440
-0.000000 0.100000  1440
0.100000 0.100000  1440
0.200000 0.100000  1440
0.300000 0.100000  1440
-0.300000 0.000000  1440
-0.200000 0.000000  1440
-0.100000 0.000000  1440
-0.000000 0.000000  1440
0.100000 0.000000  1440
0.200000 0.000000  1440
0.300000 0.000000  1440
-0.300000 -0.100000  1080
-0.200000 -0.100000  1440
-0.100000 -0.100000  1440
-0.000000 -0.100000  1440
0.100000 -0.100000  1440
0.200000 -0.100000  1440
0.300000 -0.100000  1080
-0.300000 -0.200000  1080
-0.200000 -0.200000  1080
-0.100000 -0.200000  1440
-0.000000 -0.200000  1440
0.100000 -0.200000  1440
0.200000 -0.200000  1080
0.300000 -0.200000  1080
-0.300000 -0.300000  720
-0.200000 -0.300000  1080
-0.100000 -0.300000  720
-0.000000 -0.300000  720
0.100000 -0.300000  720
-0.300000 -0.400000  360
-0.200000 -0.400000  360
-0.100000 -0.400000  360
-0.000000 -0.400000  360
0.100000 -0.400000  360
-0.300000 -0.500000  360
-0.200000 -0.500000  360
-0.100000 -0.500000  360
-0.000000 -0.500000  360
0.100000 -0.500000  360
