0.100000 0.239000 3.793986 39.000000
0.100000 0.219000 3.878969 40.000000
0.100000 0.207000 3.964538 41.000000
0.100000 0.254000 3.897605 40.000000
0.100000 0.442000 3.420586 36.000000
0.100000 0.179000 3.711355 39.000000
0.100000 0.154000 3.739812 39.000000
0.100000 0.176000 3.664994 38.000000
0.100000 0.129000 3.530598 37.000000
0.100000 0.249000 4.485720 46.000000
0.100000 0.304000 4.183560 43.000000
0.100000 0.196000 4.267329 44.000000
0.100000 0.185000 4.344810 45.000000
0.100000 0.151000 3.582637 37.000000
0.100000 0.170000 3.327962 35.000000
0.100000 0.348000 4.079523 42.000000
0.100000 0.205000 4.108010 43.000000
0.100000 0.231000 4.069714 42.000000
0.100000 0.290000 3.497128 36.000000
0.100000 0.282000 4.021036 42.000000
0.100000 0.231000 3.889742 40.000000
0.100000 0.196000 3.676127 38.000000
0.100000 0.272000 3.827406 40.000000
0.100000 0.376000 3.514314 37.000000
0.100000 0.180000 3.712136 39.000000
0.100000 0.319000 4.787210 49.000000
0.100000 0.201000 3.828046 40.000000
0.100000 0.197000 3.988619 41.000000
0.100000 0.351000 4.103889 43.000000
0.100000 0.239000 4.560440 47.000000
0.200000 0.200000 3.798926 20.000000
0.200000 0.104000 3.504958 19.000000
0.200000 0.139000 3.895948 21.000000
0.200000 0.255000 4.406604 24.000000
0.200000 0.168000 4.398936 23.000000
0.200000 0.300000 4.368015 23.000000
0.200000 0.171000 3.660399 20.000000
0.200000 0.177000 3.917181 21.000000
0.200000 0.226000 4.636614 25.000000
0.200000 0.205000 4.274745 23.000000
0.200000 0.115000 3.426339 19.000000
0.200000 0.270000 4.570772 24.000000
0.200000 0.122000 3.868713 21.000000
0.200000 0.197000 4.360412 23.000000
0.200000 0.100000 3.410961 19.000000
0.200000 0.213000 4.311107 23.000000
0.200000 0.130000 3.348463 18.000000
0.200000 0.140000 4.073202 22.000000
0.200000 0.247000 4.005949 22.000000
0.200000 0.175000 3.624116 20.000000
0.200000 0.308000 4.818537 26.000000
0.200000 0.154000 4.449189 24.000000
0.200000 0.439000 4.195660 22.000000
0.200000 0.127000 3.296632 18.000000
0.200000 0.133000 3.613002 20.000000
0.200000 0.272000 4.376010 23.000000
0.200000 0.291000 6.568701 34.000000
0.200000 0.180000 3.463115 19.000000
0.200000 0.230000 3.974431 21.000000
0.200000 0.122000 3.274562 18.000000
0.300000 0.100000 3.997757 15.000000
0.300000 0.386000 7.101999 25.000000
0.300000 0.551000 5.900070 21.000000
0.300000 0.173000 3.668004 14.000000
0.300000 0.085000 3.300228 13.000000
0.300000 0.219000 4.956763 18.000000
0.300000 0.131000 4.001968 15.000000
0.300000 0.104000 3.878889 14.000000
0.300000 0.090000 3.609566 14.000000
0.300000 0.106000 3.753297 14.000000
0.300000 0.197000 3.781403 14.000000
0.300000 0.121000 3.584280 13.000000
0.300000 0.118000 3.777007 14.000000
0.300000 0.457000 5.295751 19.000000
0.300000 0.190000 4.511933 17.000000
0.300000 0.105000 3.480456 13.000000
0.300000 0.142000 4.542420 17.000000
0.300000 0.320000 3.903845 15.000000
0.300000 0.098000 3.915037 15.000000
0.300000 0.208000 5.344528 19.000000
0.300000 0.093000 3.880691 14.000000
0.300000 0.180000 3.919534 15.000000
0.300000 0.088000 3.666259 14.000000
0.300000 0.121000 3.622494 14.000000
0.300000 0.121000 3.785792 14.000000
0.300000 0.119000 4.023138 15.000000
0.300000 0.232000 4.298283 16.000000
0.300000 0.114000 3.967493 15.000000
0.300000 0.084000 3.071964 12.000000
0.300000 0.130000 3.595301 13.000000
0.400000 0.340000 5.296884 15.000000
0.400000 0.203000 6.037477 17.000000
0.400000 0.101000 3.993349 11.000000
0.400000 0.144000 4.047971 12.000000
0.400000 0.079000 3.310197 10.000000
0.400000 0.105000 3.788600 11.000000
0.400000 0.158000 4.155162 12.000000
0.400000 0.128000 4.423681 13.000000
0.400000 0.112000 3.979735 11.000000
0.400000 0.562000 7.338459 20.000000
0.400000 0.146000 3.574188 10.000000
0.400000 0.090000 3.909553 11.000000
0.400000 0.089000 3.107095 9.000000
0.400000 0.109000 4.363958 12.000000
0.400000 0.280000 5.639409 16.000000
0.400000 0.159000 4.941567 14.000000
0.400000 0.204000 5.457577 15.000000
0.400000 0.107000 3.479164 10.000000
0.400000 0.106000 3.878164 11.000000
0.400000 0.148000 3.856050 11.000000
0.400000 0.124000 3.722823 11.000000
0.400000 0.137000 5.011430 14.000000
0.400000 0.157000 4.752832 13.000000
0.400000 0.115000 4.259733 12.000000
0.400000 0.112000 3.978349 11.000000
0.400000 0.075000 3.199430 9.000000
0.400000 0.134000 5.161232 14.000000
0.400000 0.093000 3.918271 11.000000
0.400000 0.101000 3.835009 11.000000
0.400000 0.115000 4.139844 12.000000
0.500000 0.228000 6.161549 14.000000
0.500000 0.122000 4.021991 10.000000
0.500000 0.149000 4.729008 11.000000
0.500000 0.103000 3.881130 9.000000
0.500000 0.107000 4.546787 11.000000
0.500000 0.085000 3.488489 8.000000
0.500000 0.093000 3.788896 9.000000
0.500000 0.376000 5.556286 13.000000
0.500000 0.146000 4.436491 10.000000
0.500000 0.108000 4.237492 10.000000
0.500000 0.117000 4.375029 10.000000
0.500000 0.093000 3.651498 9.000000
0.500000 0.144000 4.919292 11.000000
0.500000 0.125000 3.928662 9.000000
0.500000 0.216000 4.820780 11.000000
0.500000 0.132000 4.365797 10.000000
0.500000 0.180000 3.676104 9.000000
0.500000 0.321000 7.380387 16.000000
0.500000 0.190000 4.514878 11.000000
0.500000 0.078000 3.375721 8.000000
0.500000 0.194000 4.940115 11.000000
0.500000 0.093000 3.602746 9.000000
0.500000 0.100000 3.761983 9.000000
0.500000 0.106000 3.536659 9.000000
0.500000 0.140000 4.974445 11.000000
0.500000 0.072000 3.245907 8.000000
0.500000 0.182000 3.962661 9.000000
0.500000 0.114000 4.811235 11.000000
0.500000 0.149000 3.264739 8.000000
0.500000 0.126000 4.236798 10.000000
0.600000 0.114000 4.197944 8.000000
0.600000 0.158000 3.924777 8.000000
0.600000 0.129000 5.636403 11.000000
0.600000 0.080000 3.200688 7.000000
0.600000 0.186000 5.482193 11.000000
0.600000 0.122000 4.871150 10.000000
0.600000 0.102000 3.438769 7.000000
0.600000 0.142000 5.449391 11.000000
0.600000 0.137000 4.152917 8.000000
0.600000 0.207000 4.614258 9.000000
0.600000 0.178000 4.412944 9.000000
0.600000 0.102000 3.296010 7.000000
0.600000 0.123000 3.570007 7.000000
0.600000 0.128000 3.958740 8.000000
0.600000 0.155000 4.362435 9.000000
0.600000 0.087000 3.785785 8.000000
0.600000 0.148000 4.514900 9.000000
0.600000 0.175000 4.675934 9.000000
0.600000 0.292000 6.357928 12.000000
0.600000 0.078000 3.376320 7.000000
0.600000 0.129000 4.335385 9.000000
0.600000 0.101000 4.363165 9.000000
0.600000 0.148000 4.769606 9.000000
0.600000 0.086000 3.725397 8.000000
0.600000 0.110000 3.893192 8.000000
0.600000 0.081000 3.361168 7.000000
0.600000 0.270000 4.473596 9.000000
0.600000 0.238000 5.477281 11.000000
0.600000 0.115000 5.414904 11.000000
0.600000 0.179000 4.290545 9.000000
0.700000 0.171000 5.702415 10.000000
0.700000 0.107000 4.543361 8.000000
0.700000 0.082000 3.892007 7.000000
0.700000 0.191000 6.037039 10.000000
0.700000 0.212000 4.818051 8.000000
0.700000 0.077000 3.325282 6.000000
0.700000 0.137000 5.259323 9.000000
0.700000 0.168000 5.263494 9.000000
0.700000 0.194000 4.516833 8.000000
0.700000 0.175000 4.082607 7.000000
0.700000 0.222000 5.879458 10.000000
0.700000 0.174000 6.500969 11.000000
0.700000 0.084000 3.792575 7.000000
0.700000 0.127000 3.733725 7.000000
0.700000 0.100000 4.302937 8.000000
0.700000 0.099000 4.018233 7.000000
0.700000 0.082000 3.735997 7.000000
0.700000 0.103000 4.540481 8.000000
0.700000 0.087000 4.084118 7.000000
0.700000 0.122000 4.763068 8.000000
0.700000 0.148000 4.293839 8.000000
0.700000 0.082000 3.546370 7.000000
0.700000 0.192000 4.293696 8.000000
0.700000 0.144000 4.955730 9.000000
0.700000 0.072000 3.467080 6.000000
0.700000 0.124000 4.400577 8.000000
0.700000 0.087000 3.952726 7.000000
0.700000 0.185000 4.332671 8.000000
0.700000 0.090000 4.421477 8.000000
0.700000 0.081000 3.730245 7.000000
0.800000 0.106000 4.043549 7.000000
0.800000 0.243000 4.799965 7.000000
0.800000 0.100000 4.585199 7.000000
0.800000 0.107000 4.475423 7.000000
0.800000 0.167000 4.499919 7.000000
0.800000 0.217000 6.480083 10.000000
0.800000 0.086000 3.831801 6.000000
0.800000 0.231000 4.322816 7.000000
0.800000 0.127000 4.688249 7.000000
0.800000 0.175000 5.480514 8.000000
0.800000 0.096000 3.498255 6.000000
0.800000 0.246000 5.442317 8.000000
0.800000 0.235000 5.752142 9.000000
0.800000 0.149000 4.370897 7.000000
0.800000 0.076000 3.466253 6.000000
0.800000 0.234000 6.571890 10.000000
0.800000 0.202000 4.617572 7.000000
0.800000 0.096000 4.024336 7.000000
0.800000 0.211000 5.533358 8.000000
0.800000 0.128000 5.256945 8.000000
0.800000 0.087000 4.045540 7.000000
0.800000 0.197000 5.519208 8.000000
0.800000 0.195000 5.404663 8.000000
0.800000 0.102000 4.409222 7.000000
0.800000 0.115000 4.227190 7.000000
0.800000 0.082000 3.896368 6.000000
0.800000 0.204000 4.086550 7.000000
0.800000 0.083000 3.854679 6.000000
0.800000 0.104000 4.699026 7.000000
0.800000 0.094000 4.475124 7.000000
0.900000 0.163000 4.573683 7.000000
0.900000 0.199000 4.894705 7.000000
0.900000 0.092000 4.530409 7.000000
0.900000 0.086000 3.989065 6.000000
0.900000 0.095000 3.567120 5.000000
0.900000 0.076000 3.631670 6.000000
0.900000 0.124000 3.875665 6.000000
0.900000 0.089000 4.117265 6.000000
0.900000 0.129000 4.228140 6.000000
0.900000 0.157000 5.793821 8.000000
0.900000 0.427000 5.083554 7.000000
0.900000 0.139000 4.038011 6.000000
0.900000 0.271000 9.476423 12.000000
0.900000 0.081000 3.989764 6.000000
0.900000 0.189000 5.086907 7.000000
0.900000 0.206000 4.917699 7.000000
0.900000 0.246000 4.952293 7.000000
0.900000 0.137000 3.899987 6.000000
0.900000 0.407000 5.046425 7.000000
0.900000 0.198000 4.915424 7.000000
0.900000 0.156000 3.895084 6.000000
0.900000 0.073000 3.295840 5.000000
0.900000 0.245000 4.551630 7.000000
0.900000 0.128000 4.389202 6.000000
0.900000 0.194000 5.971344 8.000000
0.900000 0.201000 5.219355 7.000000
0.900000 0.093000 4.646811 7.000000
0.900000 0.171000 4.985704 7.000000
0.900000 0.163000 5.008997 7.000000
0.900000 0.099000 4.444406 6.000000
1.000000 0.111000 4.180811 6.000000
1.000000 0.095000 4.284566 6.000000
1.000000 0.272000 7.011000 9.000000
1.000000 0.197000 6.563028 8.000000
1.000000 0.502000 4.659886 6.000000
1.000000 0.131000 4.011407 6.000000
1.000000 0.114000 4.683342 6.000000
1.000000 0.114000 4.137303 6.000000
1.000000 0.143000 4.128106 6.000000
1.000000 0.089000 4.116921 6.000000
1.000000 0.154000 3.493592 5.000000
1.000000 0.378000 9.116250 11.000000
1.000000 0.115000 5.687500 7.000000
1.000000 0.222000 7.009167 9.000000
1.000000 0.077000 4.118222 6.000000
1.000000 0.230000 7.093157 9.000000
1.000000 0.216000 3.899185 5.000000
1.000000 0.260000 5.954066 7.000000
1.000000 0.108000 3.951437 5.000000
1.000000 0.103000 3.474636 5.000000
1.000000 0.176000 5.142766 7.000000
1.000000 0.110000 3.901189 5.000000
1.000000 0.104000 5.822955 7.000000
1.000000 0.093000 4.269801 6.000000
1.000000 0.085000 4.138468 6.000000
1.000000 0.118000 4.680854 6.000000
1.000000 0.132000 4.851930 6.000000
1.000000 0.123000 3.688331 5.000000
1.000000 0.080000 4.051840 6.000000
1.000000 0.147000 4.758389 6.000000
1.100000 0.099000 4.320142 5.000000
1.100000 0.073000 3.643831 5.000000
1.100000 0.181000 5.423258 6.000000
1.100000 0.073000 3.640669 5.000000
1.100000 0.070000 3.609908 5.000000
1.100000 0.170000 4.440445 6.000000
1.100000 0.173000 4.879900 6.000000
1.100000 0.108000 4.795056 6.000000
1.100000 0.316000 4.278612 5.000000
1.100000 0.286000 9.076952 10.000000
1.100000 0.092000 4.338312 5.000000
1.100000 0.154000 4.326428 5.000000
1.100000 0.149000 6.025218 7.000000
1.100000 0.281000 5.526444 7.000000
1.100000 0.329000 6.915486 8.000000
1.100000 0.182000 5.194362 6.000000
1.100000 0.091000 4.562073 6.000000
1.100000 0.114000 5.246545 6.000000
1.100000 0.136000 5.856944 7.000000
1.100000 0.285000 6.696140 8.000000
1.100000 0.154000 4.573986 6.000000
1.100000 0.453000 7.453247 8.000000
1.100000 0.612000 6.170066 7.000000
1.100000 0.259000 4.301347 5.000000
1.100000 0.450000 5.568320 7.000000
1.100000 0.284000 7.095470 8.000000
1.100000 0.199000 5.890113 7.000000
1.100000 0.089000 4.373054 5.000000
1.100000 0.404000 5.163210 6.000000
1.100000 0.124000 4.581533 6.000000
1.200000 0.307000 4.398950 5.000000
1.200000 0.230000 7.261079 8.000000
1.200000 0.144000 5.163737 6.000000
1.200000 0.145000 5.441577 6.000000
1.200000 0.227000 4.267005 5.000000
1.200000 0.151000 5.630042 6.000000
1.200000 0.074000 3.649961 5.000000
1.200000 0.283000 6.111732 7.000000
1.200000 0.358000 6.825329 7.000000
1.200000 0.129000 4.171250 5.000000
1.200000 0.328000 4.761593 5.000000
1.200000 0.089000 4.645074 5.000000
1.200000 0.202000 4.477972 5.000000
1.200000 0.119000 5.120807 6.000000
1.200000 0.517000 9.895363 10.000000
1.200000 0.145000 3.729638 5.000000
1.200000 0.090000 3.914138 5.000000
1.200000 0.375000 9.258320 9.000000
1.200000 0.239000 4.781388 5.000000
1.200000 0.370000 6.433090 7.000000
1.200000 0.119000 4.732179 5.000000
1.200000 0.072000 3.792467 5.000000
1.200000 0.105000 5.486356 6.000000
1.200000 0.086000 4.043960 5.000000
1.200000 0.147000 7.584503 8.000000
1.200000 0.111000 4.115495 5.000000
1.200000 0.235000 3.970684 5.000000
1.200000 0.189000 7.871570 8.000000
1.200000 0.375000 4.234508 5.000000
1.200000 0.361000 9.268810 9.000000
1.300000 0.085000 4.432646 5.000000
1.300000 0.180000 4.414986 5.000000
1.300000 0.190000 9.273653 9.000000
1.300000 0.101000 4.484244 5.000000
1.300000 0.338000 6.792358 7.000000
1.300000 0.185000 6.284435 6.000000
1.300000 0.112000 4.672088 5.000000
1.300000 0.320000 6.910006 7.000000
1.300000 0.082000 4.236595 5.000000
1.300000 0.075000 3.777855 4.000000
1.300000 0.143000 5.095271 5.000000
1.300000 0.345000 7.746674 7.000000
1.300000 0.084000 3.965075 5.000000
1.300000 0.132000 4.743429 5.000000
1.300000 0.099000 4.778647 5.000000
1.300000 0.123000 5.287495 6.000000
1.300000 0.165000 5.418140 6.000000
1.300000 0.098000 3.968969 5.000000
1.300000 0.136000 6.791306 7.000000
1.300000 0.114000 5.618746 6.000000
1.300000 0.125000 4.877373 5.000000
1.300000 0.087000 4.417413 5.000000
1.300000 0.226000 5.935248 6.000000
1.300000 0.080000 4.229662 5.000000
1.300000 0.147000 4.986543 5.000000
1.300000 0.135000 4.633179 5.000000
1.300000 0.161000 3.575134 4.000000
1.300000 0.088000 4.515787 5.000000
1.300000 0.333000 7.155243 7.000000
1.300000 0.087000 4.351543 5.000000
1.400000 0.110000 4.837717 5.000000
1.400000 0.149000 4.658552 5.000000
1.400000 0.211000 5.989483 6.000000
1.400000 0.152000 5.215174 5.000000
1.400000 0.137000 4.629625 5.000000
1.400000 0.167000 5.237017 5.000000
1.400000 0.187000 6.580869 6.000000
1.400000 0.086000 3.999940 4.000000
1.400000 0.206000 7.880171 7.000000
1.400000 0.213000 7.091793 7.000000
1.400000 0.079000 4.314753 5.000000
1.400000 0.236000 6.324158 6.000000
1.400000 0.283000 8.214715 7.000000
1.400000 0.173000 5.084340 5.000000
1.400000 0.124000 6.425223 6.000000
1.400000 0.217000 6.137808 6.000000
1.400000 0.437000 4.584941 5.000000
1.400000 0.144000 6.609166 6.000000
1.400000 0.089000 4.565064 5.000000
1.400000 0.185000 6.215952 6.000000
1.400000 0.453000 15.653476 13.000000
1.400000 0.081000 4.252979 5.000000
1.400000 0.177000 5.164522 5.000000
1.400000 0.191000 5.089660 5.000000
1.400000 0.291000 9.692217 8.000000
1.400000 0.125000 6.137378 6.000000
1.400000 0.218000 6.138902 6.000000
1.400000 0.249000 6.832610 6.000000
1.400000 0.453000 10.033402 9.000000
1.400000 0.080000 4.126138 4.000000
1.500000 0.304000 7.506316 7.000000
1.500000 0.111000 5.775890 5.000000
1.500000 0.088000 4.436415 4.000000
1.500000 0.188000 6.048472 6.000000
1.500000 0.271000 8.693759 7.000000
1.500000 0.464000 9.015266 8.000000
1.500000 0.263000 4.798332 5.000000
1.500000 0.192000 5.139207 5.000000
1.500000 0.165000 5.393710 5.000000
1.500000 0.157000 5.199309 5.000000
1.500000 0.224000 6.627640 6.000000
1.500000 0.174000 6.850479 6.000000
1.500000 0.123000 6.085804 6.000000
1.500000 0.194000 9.022202 8.000000
1.500000 0.083000 4.201749 4.000000
1.500000 0.116000 5.644822 5.000000
1.500000 0.094000 5.037790 5.000000
1.500000 0.230000 5.699604 5.000000
1.500000 0.091000 4.869633 5.000000
1.500000 0.181000 7.274032 6.000000
1.500000 0.336000 5.432792 5.000000
1.500000 0.097000 4.733832 5.000000
1.500000 0.172000 5.704760 5.000000
1.500000 0.149000 7.574863 7.000000
1.500000 0.124000 4.788383 5.000000
1.500000 0.371000 7.988176 7.000000
1.500000 0.083000 4.381935 4.000000
1.500000 0.158000 5.182325 5.000000
1.500000 0.225000 8.830697 7.000000
1.500000 0.326000 6.466881 6.000000
1.600000 0.317000 5.378765 5.000000
1.600000 0.372000 8.703435 7.000000
1.600000 0.162000 6.653718 6.000000
1.600000 0.228000 6.895616 6.000000
1.600000 0.161000 5.461171 5.000000
1.600000 0.096000 4.915755 5.000000
1.600000 0.125000 4.980214 5.000000
1.600000 0.097000 5.038881 5.000000
1.600000 0.104000 5.400467 5.000000
1.600000 0.202000 6.825258 6.000000
1.600000 0.080000 4.588230 4.000000
1.600000 0.385000 11.196761 8.000000
1.600000 0.121000 6.729594 6.000000
1.600000 0.096000 5.215938 5.000000
1.600000 0.236000 8.364090 7.000000
1.600000 0.098000 4.833724 5.000000
1.600000 0.160000 5.115596 5.000000
1.600000 0.324000 11.731169 9.000000
1.600000 0.165000 5.464353 5.000000
1.600000 0.282000 11.007836 8.000000
1.600000 0.332000 10.140722 8.000000
1.600000 0.095000 5.028038 5.000000
1.600000 0.139000 6.532017 6.000000
1.600000 0.178000 4.889738 5.000000
1.600000 0.343000 5.401214 5.000000
1.600000 0.099000 5.322223 5.000000
1.600000 0.179000 4.086423 4.000000
1.600000 0.092000 4.483824 4.000000
1.600000 0.106000 5.067026 5.000000
1.600000 0.220000 7.334019 6.000000
1.700000 0.257000 9.148913 7.000000
1.700000 0.103000 5.199819 5.000000
1.700000 0.151000 6.543298 5.000000
1.700000 0.286000 7.398707 6.000000
1.700000 0.152000 4.209407 4.000000
1.700000 0.498000 11.360261 8.000000
1.700000 0.262000 6.025482 5.000000
1.700000 0.126000 5.401087 5.000000
1.700000 0.115000 6.229982 5.000000
1.700000 0.323000 6.184702 5.000000
1.700000 0.405000 7.686803 6.000000
1.700000 0.133000 5.333250 5.000000
1.700000 0.251000 10.607951 8.000000
1.700000 0.095000 4.948200 4.000000
1.700000 0.110000 5.664687 5.000000
1.700000 0.079000 4.269298 4.000000
1.700000 0.195000 5.205046 5.000000
1.700000 0.559000 11.249460 8.000000
1.700000 0.136000 6.329459 5.000000
1.700000 0.303000 8.512475 7.000000
1.700000 0.480000 8.183886 6.000000
1.700000 0.175000 6.273958 5.000000
1.700000 0.080000 4.463790 4.000000
1.700000 0.140000 4.995177 4.000000
1.700000 0.130000 5.425102 5.000000
1.700000 0.154000 6.381379 5.000000
1.700000 0.258000 8.360314 6.000000
1.700000 0.121000 6.453080 5.000000
1.700000 0.201000 8.051609 6.000000
1.700000 0.099000 5.282574 5.000000
1.800000 0.167000 7.702753 6.000000
1.800000 0.218000 8.198994 6.000000
1.800000 0.110000 4.011209 4.000000
1.800000 0.163000 5.329187 4.000000
1.800000 0.146000 5.951804 5.000000
1.800000 0.118000 5.185059 4.000000
1.800000 0.420000 10.649162 7.000000
1.800000 0.198000 5.600577 5.000000
1.800000 0.306000 7.562151 6.000000
1.800000 0.150000 5.285316 4.000000
1.800000 0.145000 7.824594 6.000000
1.800000 0.097000 5.156629 4.000000
1.800000 0.476000 4.610071 4.000000
1.800000 0.100000 5.190166 4.000000
1.800000 0.101000 5.429273 5.000000
1.800000 0.229000 6.196183 5.000000
1.800000 0.381000 5.112066 4.000000
1.800000 0.110000 5.085487 4.000000
1.800000 0.215000 5.524428 5.000000
1.800000 0.103000 5.346865 4.000000
1.800000 0.092000 5.181751 4.000000
1.800000 0.166000 9.037324 7.000000
1.800000 0.296000 11.282654 8.000000
1.800000 0.245000 10.046030 7.000000
1.800000 0.179000 5.614978 5.000000
1.800000 0.427000 6.938803 5.000000
1.800000 0.197000 9.535405 7.000000
1.800000 0.118000 6.056152 5.000000
1.800000 0.102000 5.676145 5.000000
1.800000 0.177000 7.045088 5.000000
1.900000 0.498000 5.351699 4.000000
1.900000 0.339000 4.795360 4.000000
1.900000 0.122000 5.863324 5.000000
1.900000 0.157000 7.005448 5.000000
1.900000 0.124000 6.689996 5.000000
1.900000 0.128000 4.507525 4.000000
1.900000 0.156000 7.019718 5.000000
1.900000 0.199000 6.964986 5.000000
1.900000 0.189000 7.584659 5.000000
1.900000 0.084000 4.754390 4.000000
1.900000 0.127000 6.646595 5.000000
1.900000 0.347000 6.427925 5.000000
1.900000 0.253000 8.509564 6.000000
1.900000 0.117000 5.255574 4.000000
1.900000 0.075000 4.337516 4.000000
1.900000 0.113000 4.179963 4.000000
1.900000 0.456000 9.395731 6.000000
1.900000 0.079000 4.860505 4.000000
1.900000 0.339000 13.529256 9.000000
1.900000 0.232000 12.349282 8.000000
1.900000 0.097000 5.454730 4.000000
1.900000 0.354000 8.521886 6.000000
1.900000 0.239000 5.710860 5.000000
1.900000 0.128000 5.894003 5.000000
1.900000 0.107000 5.387483 4.000000
1.900000 0.118000 6.588784 5.000000
1.900000 0.125000 7.247717 5.000000
1.900000 0.182000 7.753887 6.000000
1.900000 0.152000 6.052684 5.000000
1.900000 0.207000 6.432944 5.000000
2.000000 0.265000 6.799332 5.000000
2.000000 0.150000 7.046005 5.000000
2.000000 0.281000 8.636014 6.000000
2.000000 0.215000 9.448768 6.000000
2.000000 0.166000 5.523753 4.000000
2.000000 0.105000 5.636364 4.000000
2.000000 0.226000 5.744034 4.000000
2.000000 0.146000 5.914034 4.000000
2.000000 0.221000 9.309615 6.000000
2.000000 0.086000 5.157950 4.000000
2.000000 0.219000 7.538140 5.000000
2.000000 0.150000 5.947807 4.000000
2.000000 0.253000 10.907197 7.000000
2.000000 0.113000 6.514338 5.000000
2.000000 0.350000 14.072667 9.000000
2.000000 0.125000 6.851710 5.000000
2.000000 0.282000 7.988334 5.000000
2.000000 0.206000 6.165084 5.000000
2.000000 0.522000 7.869610 6.000000
2.000000 0.162000 6.122614 5.000000
2.000000 0.189000 4.526128 4.000000
2.000000 0.121000 5.534652 4.000000
2.000000 0.198000 7.411943 5.000000
2.000000 0.095000 5.471223 4.000000
2.000000 0.231000 10.302085 7.000000
2.000000 0.151000 6.038315 5.000000
2.000000 0.172000 6.941918 5.000000
2.000000 0.258000 5.738488 4.000000
2.000000 0.555000 5.670049 4.000000
2.000000 0.333000 9.492913 6.000000
2.100000 0.148000 7.414138 5.000000
2.100000 0.249000 9.505631 6.000000
2.100000 0.204000 8.149983 5.000000
2.100000 0.279000 4.848418 4.000000
2.100000 0.103000 5.891036 4.000000
2.100000 0.351000 13.241738 8.000000
2.100000 0.085000 4.877253 4.000000
2.100000 0.114000 7.770854 5.000000
2.100000 0.115000 6.201146 4.000000
2.100000 0.215000 6.767351 5.000000
2.100000 0.129000 6.750411 5.000000
2.100000 0.200000 5.286110 4.000000
2.100000 0.111000 5.931313 4.000000
2.100000 0.147000 5.286444 4.000000
2.100000 0.191000 4.324040 4.000000
2.100000 0.155000 5.790776 4.000000
2.100000 0.366000 6.210791 4.000000
2.100000 0.299000 7.443660 5.000000
2.100000 0.148000 7.747541 5.000000
2.100000 0.206000 7.389681 5.000000
2.100000 0.153000 6.446429 5.000000
2.100000 0.130000 5.352436 4.000000
2.100000 0.126000 7.570589 5.000000
2.100000 0.371000 4.583726 4.000000
2.100000 0.126000 6.757455 5.000000
2.100000 0.169000 5.474524 4.000000
2.100000 0.153000 6.365845 5.000000
2.100000 0.229000 6.922110 5.000000
2.100000 0.524000 8.899456 6.000000
2.100000 0.137000 7.973392 5.000000
2.200000 0.095000 5.338693 4.000000
2.200000 0.590000 6.139015 4.000000
2.200000 0.189000 6.002998 4.000000
2.200000 0.376000 6.680555 5.000000
2.200000 0.083000 5.167825 4.000000
2.200000 0.161000 8.452311 5.000000
2.200000 0.131000 7.180425 5.000000
2.200000 0.381000 10.570569 6.000000
2.200000 0.313000 11.601949 7.000000
2.200000 0.171000 6.356176 4.000000
2.200000 0.136000 7.552394 5.000000
2.200000 0.130000 6.908111 5.000000
2.200000 0.100000 6.011674 4.000000
2.200000 0.194000 4.702536 4.000000
2.200000 0.327000 7.075658 5.000000
2.200000 0.111000 5.921114 4.000000
2.200000 0.466000 6.969838 5.000000
2.200000 0.353000 6.494522 4.000000
2.200000 0.294000 6.766535 5.000000
2.200000 0.096000 3.497668 3.000000
2.200000 0.155000 6.480585 4.000000
2.200000 0.124000 6.439119 4.000000
2.200000 0.105000 6.128664 4.000000
2.200000 0.128000 7.022599 5.000000
2.200000 0.132000 6.851282 5.000000
2.200000 0.126000 6.741971 5.000000
2.200000 0.107000 6.101575 4.000000
2.200000 0.110000 5.838933 4.000000
2.200000 0.461000 16.343748 9.000000
2.200000 0.172000 10.305395 6.000000
2.300000 0.206000 6.502562 4.000000
2.300000 0.085000 5.325165 4.000000
2.300000 0.093000 5.461545 4.000000
2.300000 0.321000 8.415835 5.000000
2.300000 0.165000 7.218473 5.000000
2.300000 0.223000 8.181916 5.000000
2.300000 0.272000 7.277973 5.000000
2.300000 0.211000 8.768554 5.000000
2.300000 0.237000 5.335207 4.000000
2.300000 0.080000 4.785554 4.000000
2.300000 0.298000 6.753329 4.000000
2.300000 0.134000 8.155505 5.000000
2.300000 0.123000 7.716198 5.000000
2.300000 0.139000 6.222456 4.000000
2.300000 0.188000 7.426957 5.000000
2.300000 0.107000 5.455451 4.000000
2.300000 0.588000 8.469002 5.000000
2.300000 0.216000 10.699326 6.000000
2.300000 0.140000 7.929918 5.000000
2.300000 0.400000 9.019137 5.000000
2.300000 0.129000 7.093992 5.000000
2.300000 0.711000 8.870934 5.000000
2.300000 0.157000 7.507408 5.000000
2.300000 0.218000 8.437699 5.000000
2.300000 0.225000 5.878647 4.000000
2.300000 0.162000 6.462314 5.000000
2.300000 0.248000 7.717925 5.000000
2.300000 0.314000 8.502247 5.000000
2.300000 0.111000 6.469095 4.000000
2.300000 0.133000 8.303491 5.000000
2.400000 0.372000 10.864648 6.000000
2.400000 0.096000 5.808060 4.000000
2.400000 0.228000 9.444152 5.000000
2.400000 0.418000 9.915056 6.000000
2.400000 0.136000 8.292400 5.000000
2.400000 0.074000 4.308035 3.000000
2.400000 0.207000 8.576914 5.000000
2.400000 0.073000 4.918979 4.000000
2.400000 0.201000 8.793534 5.000000
2.400000 0.315000 6.493535 4.000000
2.400000 0.415000 6.686125 4.000000
2.400000 0.099000 4.466030 3.000000
2.400000 0.259000 10.061203 6.000000
2.400000 0.166000 6.465525 4.000000
2.400000 0.228000 7.942194 5.000000
2.400000 0.211000 7.456789 5.000000
2.400000 0.089000 5.517037 4.000000
2.400000 0.159000 6.639276 4.000000
2.400000 0.098000 6.146977 4.000000
2.400000 0.261000 11.937155 6.000000
2.400000 0.236000 9.340106 5.000000
2.400000 0.143000 6.417289 4.000000
2.400000 0.286000 12.939465 7.000000
2.400000 0.147000 7.728870 5.000000
2.400000 0.333000 7.344474 5.000000
2.400000 0.137000 6.436777 4.000000
2.400000 0.255000 8.140351 5.000000
2.400000 0.099000 5.753801 4.000000
2.400000 0.072000 4.824939 4.000000
2.400000 0.342000 10.204919 6.000000
2.500000 0.091000 5.730476 4.000000
2.500000 0.234000 5.734585 4.000000
2.500000 0.175000 8.800658 5.000000
2.500000 0.299000 9.844876 5.000000
2.500000 0.183000 5.966247 4.000000
2.500000 0.228000 8.834580 5.000000
2.500000 0.240000 11.391727 6.000000
2.500000 0.101000 6.117256 4.000000
2.500000 0.266000 7.133494 4.000000
2.500000 0.219000 8.483583 5.000000
2.500000 0.132000 6.622755 4.000000
2.500000 0.180000 7.550791 5.000000
2.500000 0.173000 7.945324 5.000000
2.500000 0.161000 7.901306 5.000000
2.500000 0.238000 7.594486 5.000000
2.500000 0.459000 11.209882 6.000000
2.500000 0.092000 5.592010 4.000000
2.500000 0.154000 6.442666 4.000000
2.500000 0.121000 6.461971 4.000000
2.500000 0.094000 5.643043 4.000000
2.500000 0.471000 7.772417 5.000000
2.500000 0.137000 7.337926 4.000000
2.500000 0.117000 6.588109 4.000000
2.500000 0.345000 12.096702 6.000000
2.500000 0.108000 6.358394 4.000000
2.500000 0.078000 4.695520 3.000000
2.500000 0.134000 7.899755 5.000000
2.500000 0.866000 11.575668 6.000000
2.500000 0.257000 11.003040 6.000000
2.500000 0.288000 11.209584 6.000000
2.600000 0.108000 6.654550 4.000000
2.600000 0.295000 5.901937 4.000000
2.600000 0.311000 7.884579 5.000000
2.600000 0.262000 5.786759 4.000000
2.600000 0.110000 6.745309 4.000000
2.600000 0.197000 10.408241 6.000000
2.600000 0.236000 8.078254 5.000000
2.600000 0.310000 13.298109 7.000000
2.600000 0.191000 9.024315 5.000000
2.600000 0.109000 6.915518 4.000000
2.600000 0.115000 6.944906 4.000000
2.600000 0.303000 4.692974 3.000000
2.600000 0.114000 6.685894 4.000000
2.600000 0.086000 5.615137 4.000000
2.600000 0.239000 13.335976 7.000000
2.600000 0.236000 13.078365 7.000000
2.600000 0.779000 13.078827 7.000000
2.600000 0.103000 6.496840 4.000000
2.600000 0.092000 6.244904 4.000000
2.600000 0.310000 7.765894 4.000000
2.600000 0.515000 9.113974 5.000000
2.600000 0.209000 8.203411 5.000000
2.600000 0.242000 8.233821 5.000000
2.600000 0.095000 5.463262 4.000000
2.600000 0.447000 8.691713 5.000000
2.600000 0.161000 9.274697 5.000000
2.600000 0.126000 6.970237 4.000000
2.600000 0.384000 11.684163 6.000000
2.600000 0.410000 10.886326 6.000000
2.600000 0.280000 8.594232 5.000000
2.700000 0.883000 16.159183 8.000000
2.700000 0.241000 7.612734 4.000000
2.700000 0.127000 5.173008 3.000000
2.700000 0.205000 8.098945 4.000000
2.700000 0.761000 10.339660 5.000000
2.700000 0.160000 9.550355 5.000000
2.700000 0.283000 8.844125 5.000000
2.700000 0.169000 9.223707 5.000000
2.700000 0.092000 6.232737 4.000000
2.700000 0.126000 6.911109 4.000000
2.700000 0.111000 6.635304 4.000000
2.700000 0.263000 7.413843 4.000000
2.700000 0.093000 5.063334 3.000000
2.700000 0.201000 7.572352 4.000000
2.700000 0.085000 4.656677 3.000000
2.700000 0.226000 7.060678 4.000000
2.700000 0.192000 8.490466 5.000000
2.700000 0.200000 8.604877 5.000000
2.700000 0.228000 4.928656 3.000000
2.700000 0.262000 8.682597 5.000000
2.700000 0.201000 5.102055 3.000000
2.700000 0.293000 10.458923 6.000000
2.700000 0.190000 6.960718 4.000000
2.700000 0.153000 8.230480 5.000000
2.700000 0.286000 9.408627 5.000000
2.700000 0.083000 4.901869 3.000000
2.700000 0.174000 6.879090 4.000000
2.700000 0.496000 7.936286 4.000000
2.700000 0.563000 14.465311 7.000000
2.700000 0.093000 5.394733 3.000000
2.800000 0.270000 8.912894 5.000000
2.800000 0.545000 13.976870 7.000000
2.800000 0.146000 4.898780 3.000000
2.800000 0.497000 7.417688 4.000000
2.800000 0.343000 9.269433 5.000000
2.800000 0.607000 13.572397 6.000000
2.800000 0.168000 9.081376 5.000000
2.800000 0.129000 7.266308 4.000000
2.800000 0.175000 8.416347 5.000000
2.800000 0.466000 14.537876 7.000000
2.800000 0.101000 6.709436 4.000000
2.800000 0.314000 7.994521 4.000000
2.800000 0.133000 6.901843 4.000000
2.800000 0.244000 10.961584 5.000000
2.800000 0.323000 9.616510 5.000000
2.800000 0.327000 8.360563 4.000000
2.800000 0.369000 11.503800 6.000000
2.800000 0.204000 8.899992 5.000000
2.800000 0.258000 5.817721 4.000000
2.800000 0.159000 9.714828 5.000000
2.800000 0.091000 5.972574 4.000000
2.800000 0.364000 9.227581 5.000000
2.800000 0.108000 6.512689 4.000000
2.800000 0.153000 8.699419 5.000000
2.800000 0.288000 7.414594 4.000000
2.800000 0.225000 8.804443 5.000000
2.800000 0.214000 6.728326 4.000000
2.800000 0.240000 6.056861 4.000000
2.800000 0.095000 4.444630 3.000000
2.800000 0.179000 8.944690 5.000000
2.900000 0.114000 7.204190 4.000000
2.900000 0.086000 6.354557 4.000000
2.900000 0.320000 5.048537 3.000000
2.900000 0.139000 7.789006 4.000000
2.900000 0.172000 8.136849 4.000000
2.900000 0.075000 6.097575 4.000000
2.900000 0.327000 9.404626 5.000000
2.900000 0.144000 9.296465 5.000000
2.900000 0.230000 9.621242 5.000000
2.900000 0.098000 5.897928 4.000000
2.900000 0.387000 8.962716 5.000000
2.900000 0.212000 9.113505 5.000000
2.900000 0.268000 7.663527 4.000000
2.900000 0.223000 8.811571 5.000000
2.900000 0.142000 8.303379 4.000000
2.900000 0.435000 11.529383 5.000000
2.900000 0.601000 7.915401 4.000000
2.900000 0.095000 6.438007 4.000000
2.900000 0.460000 10.039345 5.000000
2.900000 0.183000 9.262132 5.000000
2.900000 0.280000 6.629721 4.000000
2.900000 0.128000 7.468300 4.000000
2.900000 0.222000 9.494612 5.000000
2.900000 0.153000 9.394769 5.000000
2.900000 0.158000 9.037734 5.000000
2.900000 0.117000 7.248331 4.000000
2.900000 0.079000 5.893238 4.000000
2.900000 0.539000 15.697788 7.000000
2.900000 0.249000 9.169280 5.000000
2.900000 0.233000 9.194949 5.000000
3.000000 0.300000 8.839801 4.000000
3.000000 0.204000 6.600388 4.000000
3.000000 0.246000 7.595696 4.000000
3.000000 0.153000 6.396322 4.000000
3.000000 0.079000 5.517227 3.000000
3.000000 0.094000 6.478503 4.000000
3.000000 0.150000 8.405669 5.000000
3.000000 0.639000 18.379320 8.000000
3.000000 0.183000 9.474383 5.000000
3.000000 0.302000 6.763214 4.000000
3.000000 0.444000 11.829906 5.000000
3.000000 0.183000 10.489952 5.000000
3.000000 0.401000 12.536169 6.000000
3.000000 0.274000 4.906726 4.000000
3.000000 0.614000 8.235549 4.000000
3.000000 0.125000 7.419204 4.000000
3.000000 0.426000 16.439348 7.000000
3.000000 0.232000 6.605139 4.000000
3.000000 0.371000 12.312763 6.000000
3.000000 0.284000 11.651671 5.000000
3.000000 0.124000 7.420429 4.000000
3.000000 0.185000 7.619512 4.000000
3.000000 0.098000 5.810392 3.000000
3.000000 0.441000 12.587158 6.000000
3.000000 0.103000 5.488277 3.000000
3.000000 0.236000 10.432492 5.000000
3.000000 0.313000 9.461924 5.000000
3.000000 0.155000 7.012276 4.000000
3.000000 0.244000 6.317782 4.000000
3.000000 0.360000 7.646979 4.000000
3.100000 0.243000 5.510029 4.000000
3.100000 0.109000 7.380586 4.000000
3.100000 0.118000 7.837511 4.000000
3.100000 0.124000 7.656414 4.000000
3.100000 0.093000 6.175470 3.000000
3.100000 0.118000 7.446586 4.000000
3.100000 0.173000 5.255823 3.000000
3.100000 0.219000 9.234743 4.000000
3.100000 0.097000 5.742080 3.000000
3.100000 0.127000 8.262921 4.000000
3.100000 0.213000 9.072821 4.000000
3.100000 0.122000 7.872955 4.000000
3.100000 0.350000 11.850636 5.000000
3.100000 0.124000 7.609328 4.000000
3.100000 0.177000 7.622710 4.000000
3.100000 0.127000 7.504676 4.000000
3.100000 0.245000 8.946855 4.000000
3.100000 0.178000 7.499921 4.000000
3.100000 0.293000 10.862186 5.000000
3.100000 0.175000 6.626406 4.000000
3.100000 0.214000 8.458578 4.000000
3.100000 0.155000 4.514179 3.000000
3.100000 0.112000 6.529577 4.000000
3.100000 0.368000 11.885686 5.000000
3.100000 0.343000 8.902823 5.000000
3.100000 0.170000 6.027377 3.000000
3.100000 0.198000 9.993709 5.000000
3.100000 0.440000 13.118266 6.000000
3.100000 0.253000 8.012071 4.000000
3.100000 0.160000 5.429071 3.000000
3.200000 0.511000 14.540580 6.000000
3.200000 0.249000 12.044777 6.000000
3.200000 0.166000 6.278394 3.000000
3.200000 0.476000 8.939963 4.000000
3.200000 0.095000 6.672102 4.000000
3.200000 0.113000 5.139092 3.000000
3.200000 0.572000 14.052755 6.000000
3.200000 0.400000 9.773416 5.000000
3.200000 0.105000 6.299245 3.000000
3.200000 0.299000 9.850551 5.000000
3.200000 0.282000 11.201266 5.000000
3.200000 0.129000 7.949676 4.000000
3.200000 0.124000 7.367016 4.000000
3.200000 0.178000 9.727906 5.000000
3.200000 0.183000 7.895743 4.000000
3.200000 0.118000 7.058651 4.000000
3.200000 0.234000 8.888198 4.000000
3.200000 0.065000 3.865203 3.000000
3.200000 0.319000 10.100131 5.000000
3.200000 0.236000 11.255204 5.000000
3.200000 1.126000 16.076991 7.000000
3.200000 0.193000 7.591395 4.000000
3.200000 0.222000 11.630103 5.000000
3.200000 0.312000 9.405493 4.000000
3.200000 0.084000 5.843591 3.000000
3.200000 0.138000 6.544001 4.000000
3.200000 0.212000 5.895177 3.000000
3.200000 0.166000 6.928280 4.000000
3.200000 0.094000 4.927053 3.000000
3.200000 0.111000 7.380956 4.000000
3.300000 0.479000 11.009068 5.000000
3.300000 0.171000 10.059542 5.000000
3.300000 0.206000 10.036499 5.000000
3.300000 0.313000 8.474133 4.000000
3.300000 0.242000 12.820284 6.000000
3.300000 0.264000 9.870764 5.000000
3.300000 0.150000 8.915317 4.000000
3.300000 0.171000 5.584799 3.000000
3.300000 0.313000 5.382655 3.000000
3.300000 0.149000 8.130037 4.000000
3.300000 0.492000 8.910869 4.000000
3.300000 0.387000 10.817009 5.000000
3.300000 0.149000 8.143195 4.000000
3.300000 0.252000 7.453073 4.000000
3.300000 0.213000 8.804312 4.000000
3.300000 0.141000 7.964145 4.000000
3.300000 0.198000 9.209212 4.000000
3.300000 0.258000 5.992933 3.000000
3.300000 0.089000 5.153123 3.000000
3.300000 0.193000 10.908404 5.000000
3.300000 0.138000 5.958457 3.000000
3.300000 0.130000 6.721976 4.000000
3.300000 0.080000 5.555812 3.000000
3.300000 0.106000 5.900910 4.000000
3.300000 0.186000 7.864497 4.000000
3.300000 0.373000 10.057950 5.000000
3.300000 0.718000 14.122267 6.000000
3.300000 0.214000 8.608516 5.000000
3.300000 0.123000 6.457129 3.000000
3.300000 0.240000 8.618321 4.000000
3.400000 0.115000 6.694544 3.000000
3.400000 0.307000 11.434805 5.000000
3.400000 0.341000 16.330610 6.000000
3.400000 0.123000 8.193731 4.000000
3.400000 0.152000 5.993313 3.000000
3.400000 0.129000 8.217220 4.000000
3.400000 0.424000 16.525843 7.000000
3.400000 0.303000 10.179241 5.000000
3.400000 0.760000 9.217142 4.000000
3.400000 0.191000 9.902497 4.000000
3.400000 0.169000 8.654395 4.000000
3.400000 0.518000 12.874814 6.000000
3.400000 0.308000 9.533087 5.000000
3.400000 0.238000 13.553510 5.000000
3.400000 0.293000 9.981303 5.000000
3.400000 0.330000 13.727285 6.000000
3.400000 0.170000 8.994342 4.000000
3.400000 0.268000 12.466109 5.000000
3.400000 0.107000 6.121384 3.000000
3.400000 0.201000 9.649484 4.000000
3.400000 0.118000 7.272107 4.000000
3.400000 0.116000 8.017517 4.000000
3.400000 0.802000 9.599698 4.000000
3.400000 0.172000 10.322187 5.000000
3.400000 0.435000 15.423992 6.000000
3.400000 0.248000 10.206209 5.000000
3.400000 0.141000 8.229662 4.000000
3.400000 0.117000 5.351840 3.000000
3.400000 0.646000 14.394301 6.000000
3.400000 0.114000 6.655951 3.000000
3.500000 0.129000 8.272724 4.000000
3.500000 0.558000 12.149825 5.000000
3.500000 0.377000 9.896182 5.000000
3.500000 0.117000 6.152964 3.000000
3.500000 0.195000 6.322299 4.000000
3.500000 0.385000 10.405005 5.000000
3.500000 0.197000 6.893441 4.000000
3.500000 0.387000 14.637455 6.000000
3.500000 0.132000 8.406327 4.000000
3.500000 0.323000 14.002623 6.000000
3.500000 0.158000 6.778137 4.000000
3.500000 0.510000 9.751077 4.000000
3.500000 0.190000 6.376443 3.000000
3.500000 0.178000 7.167928 4.000000
3.500000 0.111000 6.852939 3.000000
3.500000 0.187000 7.212968 4.000000
3.500000 0.223000 13.243945 5.000000
3.500000 0.170000 9.790526 4.000000
3.500000 0.746000 6.720541 4.000000
3.500000 0.185000 10.115197 4.000000
3.500000 0.289000 9.930393 4.000000
3.500000 0.297000 8.760070 4.000000
3.500000 0.491000 10.053519 4.000000
3.500000 0.131000 8.478390 4.000000
3.500000 0.125000 5.114231 3.000000
3.500000 0.390000 13.495663 6.000000
3.500000 0.109000 6.625225 3.000000
3.500000 0.135000 8.520562 4.000000
3.500000 0.441000 13.577710 6.000000
3.500000 0.169000 9.584267 4.000000
3.600000 0.184000 4.976384 3.000000
3.600000 0.139000 8.430948 4.000000
3.600000 0.101000 6.451721 3.000000
3.600000 0.190000 11.749097 5.000000
3.600000 0.161000 6.057843 3.000000
3.600000 0.112000 5.472815 3.000000
3.600000 0.352000 11.351382 5.000000
3.600000 0.281000 8.654977 4.000000
3.600000 0.153000 7.014504 3.000000
3.600000 0.149000 8.372891 4.000000
3.600000 0.244000 8.443218 4.000000
3.600000 0.279000 10.229931 5.000000
3.600000 0.361000 12.691664 5.000000
3.600000 0.109000 6.171654 3.000000
3.600000 0.182000 10.618212 4.000000
3.600000 0.178000 6.061965 4.000000
3.600000 0.681000 9.517480 4.000000
3.600000 0.143000 8.759067 4.000000
3.600000 0.311000 9.705518 5.000000
3.600000 0.116000 8.216501 4.000000
3.600000 0.184000 7.282763 4.000000
3.600000 0.241000 10.775696 4.000000
3.600000 0.135000 7.000903 3.000000
3.600000 0.112000 6.656539 3.000000
3.600000 0.241000 10.357152 5.000000
3.600000 0.133000 8.114672 4.000000
3.600000 0.105000 7.590348 4.000000
3.600000 0.195000 9.518225 4.000000
3.600000 0.345000 13.566042 6.000000
3.600000 0.325000 6.276777 4.000000
3.700000 0.324000 10.855137 4.000000
3.700000 0.568000 10.773857 4.000000
3.700000 0.200000 11.192602 5.000000
3.700000 0.275000 10.127161 5.000000
3.700000 0.185000 6.418423 3.000000
3.700000 0.250000 12.103873 5.000000
3.700000 0.112000 6.876750 3.000000
3.700000 0.175000 7.754133 4.000000
3.700000 0.113000 8.092534 4.000000
3.700000 0.271000 12.561958 5.000000
3.700000 0.427000 19.921683 8.000000
3.700000 0.263000 14.759809 5.000000
3.700000 0.218000 10.507449 5.000000
3.700000 0.113000 7.453681 4.000000
3.700000 0.196000 8.664239 4.000000
3.700000 0.193000 7.192179 3.000000
3.700000 0.193000 7.921433 4.000000
3.700000 0.148000 8.063561 4.000000
3.700000 0.864000 17.582836 6.000000
3.700000 0.137000 8.844637 4.000000
3.700000 0.130000 7.635401 4.000000
3.700000 0.265000 7.360854 4.000000
3.700000 0.301000 7.812781 4.000000
3.700000 0.320000 4.504373 3.000000
3.700000 0.156000 9.935961 4.000000
3.700000 0.170000 6.990213 3.000000
3.700000 0.232000 11.408008 5.000000
3.700000 0.409000 12.260686 5.000000
3.700000 0.907000 16.171113 6.000000
3.700000 0.136000 7.161333 3.000000
3.800000 0.181000 7.658639 4.000000
3.800000 0.124000 8.476954 4.000000
3.800000 1.560000 13.533319 5.000000
3.800000 0.194000 8.526753 4.000000
3.800000 0.150000 7.953538 4.000000
3.800000 0.352000 5.823731 3.000000
3.800000 0.153000 9.016266 4.000000
3.800000 0.236000 12.804953 5.000000
3.800000 0.204000 11.688580 5.000000
3.800000 0.287000 10.843227 4.000000
3.800000 0.222000 11.018448 4.000000
3.800000 0.192000 6.306470 3.000000
3.800000 0.224000 11.971416 5.000000
3.800000 0.312000 11.101515 4.000000
3.800000 0.436000 13.437118 6.000000
3.800000 0.237000 8.269410 4.000000
3.800000 0.204000 12.515110 5.000000
3.800000 0.201000 11.656836 5.000000
3.800000 0.130000 6.864005 3.000000
3.800000 0.761000 12.438192 5.000000
3.800000 0.319000 9.038341 4.000000
3.800000 0.188000 11.933876 5.000000
3.800000 0.099000 5.941979 4.000000
3.800000 0.139000 8.757967 4.000000
3.800000 0.193000 8.068793 4.000000
3.800000 0.116000 6.514449 3.000000
3.800000 0.121000 7.985703 4.000000
3.800000 0.158000 5.583179 3.000000
3.800000 0.241000 9.971480 4.000000
3.800000 0.210000 8.738511 4.000000
3.900000 0.100000 5.492541 3.000000
3.900000 0.153000 10.364096 4.000000
3.900000 0.092000 5.683614 3.000000
3.900000 0.190000 6.938328 4.000000
3.900000 0.649000 10.724378 4.000000
3.900000 0.349000 14.394293 5.000000
3.900000 0.101000 7.433305 4.000000
3.900000 0.258000 10.981229 4.000000
3.900000 0.274000 6.536605 3.000000
3.900000 0.150000 8.638260 4.000000
3.900000 0.160000 9.397279 4.000000
3.900000 0.216000 12.392304 5.000000
3.900000 0.210000 13.203108 5.000000
3.900000 0.267000 8.601235 4.000000
3.900000 0.104000 6.186940 4.000000
3.900000 0.193000 8.678854 4.000000
3.900000 0.134000 8.217033 4.000000
3.900000 0.188000 5.640790 3.000000
3.900000 0.192000 8.509451 4.000000
3.900000 0.208000 12.480178 5.000000
3.900000 0.213000 9.282350 4.000000
3.900000 0.183000 7.299262 3.000000
3.900000 0.413000 12.041617 5.000000
3.900000 0.319000 6.616994 3.000000
3.900000 0.244000 12.813334 5.000000
3.900000 0.240000 11.215577 5.000000
3.900000 0.282000 9.838522 5.000000
3.900000 0.345000 12.758964 5.000000
3.900000 0.192000 11.216050 4.000000
3.900000 0.298000 7.657416 4.000000
4.000000 0.288000 15.699363 5.000000
4.000000 0.116000 6.583479 3.000000
4.000000 0.329000 9.356255 4.000000
4.000000 0.117000 8.795670 4.000000
4.000000 0.382000 10.420690 4.000000
4.000000 0.411000 10.515646 5.000000
4.000000 0.222000 9.510744 4.000000
4.000000 0.141000 9.180975 4.000000
4.000000 0.174000 11.095137 4.000000
4.000000 0.217000 13.924633 5.000000
4.000000 0.243000 10.193588 4.000000
4.000000 0.119000 7.528503 3.000000
4.000000 0.286000 10.580906 4.000000
4.000000 0.726000 18.210256 6.000000
4.000000 0.147000 9.326281 4.000000
4.000000 0.113000 7.220479 3.000000
4.000000 0.280000 13.716886 5.000000
4.000000 0.320000 6.124594 3.000000
4.000000 0.175000 9.275230 4.000000
4.000000 0.125000 8.615969 4.000000
4.000000 0.117000 7.914986 3.000000
4.000000 0.276000 5.882528 3.000000
4.000000 0.751000 19.632641 7.000000
4.000000 0.136000 8.780932 4.000000
4.000000 0.312000 7.140914 3.000000
4.000000 0.262000 6.717531 3.000000
4.000000 0.215000 9.020716 4.000000
4.000000 0.144000 9.357745 4.000000
4.000000 0.175000 9.712870 4.000000
4.000000 0.096000 7.364332 3.000000
