Pos: -0.201056 0.474213 0.188518 RPY: 0.614207 0.000203649 -3.1262
Pos: -0.254821 0.497269 0.466493 RPY: 0.571249 0.226566 -2.7496
Pos: -0.243442 0.501992 0.468623 RPY: 0.547413 0.220505 -2.73899
Pos: 0.0546407 0.528992 0.523112 RPY: -0.0864938 0.105845 -2.46558
Pos: 0.30649 0.388819 0.57746 RPY: -0.770967 0.080665 -2.18116
Pos: 0.424159 0.142066 0.6271 RPY: -1.46765 0.157629 -1.90733
Pos: 0.375147 -0.108262 0.667106 RPY: -2.14363 0.328586 -1.66651
Pos: 0.449358 -0.258239 0.522633 RPY: -2.61198 -0.382299 -2.00804
Pos: 0.379893 -0.444122 0.504383 RPY: -2.90438 -0.108986 -2.18238
Pos: 0.202649 -0.535643 0.286517 RPY: -3.04027 -0.168157 -2.74901
Pos: 0.10286 -0.501534 0.182803 RPY: -2.7248 0.000203657 3.12898
