31 -0.125359 0.0238889 -1.41628 -0.809621 0.334802 0.220376 0.0632733 -0.00974598 -0.008104 -0.154077 0.0509776 -0.0181813
33 -0.0916507 -0.00606515 -1.42093 2.43259 -0.266413 -0.27465 0.168578 -0.103089 -0.0269624 -0.301157 0.137247 0.0205731
29 0.1233 0.06093 -1.39647 -2.8137 -0.127781 -0.574226 -0.156558 0.196019 -0.0299506 -0.456386 -0.135598 -0.0441644
32 0.0854129 0.0599961 -1.39734 -0.708434 0.317498 -0.314617 0.0261589 -0.103886 -0.00758268 -0.0210335 0.0194849 0.0782353
36 0.257566 -0.00274541 -1.43507 -1.05635 0.299317 -0.00126569 -0.207417 -0.239666 -0.0669878 -0.0385164 -0.146281 0.174571
34 -0.23947 -0.0126763 -1.42303 0.883813 -0.13871 0.250217 -0.235431 -0.220961 -0.00196697 0.144026 -0.188228 0.15492
33 0.133992 0.0629567 -1.39576 0.555281 -0.0658966 0.522368 -0.3783 0.0315908 -0.0879066 0.0724119 -0.278968 -0.0474785
33 -0.25349 -0.00853739 -1.42795 -0.888181 0.334987 -0.0960342 -0.376407 -0.332189 -0.0222294 -0.170032 -0.228279 0.244878
31 -0.203903 0.0583246 -1.39739 -2.84217 0.0296915 -0.499823 -0.0236827 0.0294993 0.00348404 -0.238064 -0.0184566 -0.0558114
33 0.113301 0.00989775 -1.41467 2.82269 -0.175732 -0.391541 0.180745 0.0235615 0.000855658 -0.334661 0.127851 -0.0297573
31 0.207979 0.0343877 -1.41096 -2.20469 0.309034 -0.336945 -0.00812528 0.0561587 -0.00241621 -0.216314 -0.0123276 -0.0108785
32 -0.205745 -0.00424954 -1.42259 0.419697 0.0319309 0.386967 -0.30219 -0.141946 0.000354576 0.0947514 -0.219707 0.0889334
32 0.199412 0.00449107 -1.42214 -0.53591 0.45731 0.0422095 -0.312897 -0.00534264 -0.0815263 -0.457935 -0.187965 0.166969
31 -0.00387022 -0.0697125 -1.40276 0.878729 -0.690363 -2.62311 -0.0970548 -0.147869 -0.00523498 -0.0318644 -0.0687725 0.106028
33 0.00546809 0.0352621 -1.40715 0.689319 -0.236436 0.145542 0.140057 -0.221641 -0.0299813 0.00581861 0.0957045 0.155892
33 -0.0839865 0.035748 -1.40259 1.10157 -0.0498905 0.396074 -0.568508 -0.330183 -0.141178 0.16358 -0.462268 0.1775
38 -0.235653 -0.0048067 -1.3852 -1.01027 0.773073 -2.09825 0.0287934 0.0224971 -0.00335596 0.0406908 0.0207177 -0.00894299
37 0.112287 -0.0124197 -1.43134 -0.0125903 -0.450746 0.426007 0.470165 0.0386316 -0.0427126 0.252308 0.333025 0.0367819
35 0.278992 0.0158381 -1.41288 1.72167 -0.255605 -0.0919595 -0.00437356 -0.245909 -0.0293386 0.177515 -0.0386042 0.135956
34 -0.00940088 -0.0264916 -1.43695 2.26134 -0.451779 -0.214179 0.0393823 0.0822669 -0.00180635 -0.285593 0.00530466 -0.0617577
34 0.15845 -0.00283743 -1.39027 2.05465 -0.818154 -1.92803 0.0241117 -0.127823 -0.00246929 -0.0796066 0.0282926 0.0970724
33 -0.0357868 -0.0506392 -1.4029 -0.463103 0.408942 -1.94277 -0.00611371 -0.162507 -0.0061733 0.150987 -0.0205441 0.117472
31 0.267754 -0.054562 -1.44344 -2.92033 0.214779 -0.374461 0.277437 0.0289657 0.0183698 -0.164875 0.187013 -0.019172
34 -0.142876 0.06995 -1.3859 2.06389 -0.36896 -0.152959 0.10549 -0.0887877 -0.0241739 -0.276449 0.104754 0.0171899
32 -0.190551 0.0735908 -1.38518 -0.351525 0.371074 0.40842 -0.413215 0.102927 -0.009144 0.237605 -0.285467 -0.113988
33 -0.278325 0.0644558 -1.39434 0.271121 -0.0509671 0.30562 -0.0637436 -0.160495 -0.00304111 0.0430051 -0.0568978 0.125496
34 -0.290078 0.00447657 -1.42285 1.47076 -0.46246 0.139657 -0.315268 0.117862 0.0196477 0.262079 -0.19483 -0.0915958
36 -0.255948 0.0170764 -1.41871 0.660769 -0.320361 0.318782 0.103945 -0.0108269 -0.0217629 -0.0430227 0.0684475 -0.00912353
37 -0.215085 -0.0268283 -1.4374 2.23685 -0.429107 -0.17272 -0.0489997 0.00192158 0.0101235 -0.18556 -0.03875 -0.0185047
35 -0.242105 0.0170749 -1.41941 -0.17504 -0.242095 0.441894 0.376667 0.00908622 -0.119211 0.117852 0.273424 0.0415396
