50000 1404 0.338093 0.00353446
50000 1541 0.653258 0.00389612
50000 1498 0.845159 0.00377663
50000 1505 1.0941 0.00390501
50000 1553 85.31 0.0124165
50000 1471 0.344162 0.00336758
50000 1480 2.03274 0.00436223
50000 1412 0.15912 0.0038508
50000 1373 0.982563 0.00391963
50000 1546 2.03485 0.00372825
50000 1593 1.02623 0.00431642
50000 1551 0.906534 0.00335849
50000 1543 0.919003 0.00384974
50000 1470 64.0768 0.0596564
50000 1516 1.99191 0.00421806
50000 1432 0.619073 0.0037678
50000 1540 0.795286 0.00342178
50000 1546 0.661585 0.00376845
50000 1539 0.748799 0.00407312
50000 1398 0.732743 0.00431167
50000 1450 117.235 0.0414691
50000 1485 0.530959 0.00353851
50000 1566 0.491773 0.00378822
50000 1443 1.07297 0.00419809
50000 1461 1.52994 0.00362402
50000 1608 116.083 0.0404869
50000 1741 0.564478 0.00378638
50000 1679 0.744723 0.00349251
50000 1614 0.770043 0.00386118
50000 1688 0.415316 0.00393735
60000 2114 0.557561 0.00352627
60000 2863 0.620058 0.00384841
60000 1808 0.721397 0.00366481
60000 1619 66.2417 0.0579612
60000 1575 0.469748 0.00415207
60000 1908 0.316219 0.0033551
60000 1883 2.049 0.00434256
60000 1664 0.215992 0.0038173
60000 1525 0.993765 0.00391976
60000 1651 2.19437 0.00368949
60000 1681 1.14329 0.00429025
60000 1805 1.52443 0.0034296
60000 1672 0.92067 0.00384424
60000 1676 0.58867 0.00384514
60000 1620 1.98687 0.004218
60000 1823 0.719462 0.0037883
60000 2690 0.540468 0.00345693
60000 2621 0.992655 0.00370541
60000 1746 0.539154 0.00413781
60000 1856 1.41039 0.00430447
60000 1797 0.790192 0.00390993
60000 1862 0.531379 0.00355863
60000 2272 1.77736 0.00371707
60000 1696 1.87052 0.00412891
60000 1554 1.53304 0.00362411
60000 1492 0.354799 0.00371394
60000 1589 0.473231 0.00381091
60000 1703 0.646198 0.0036967
60000 1564 0.811873 0.00365875
60000 1662 0.389256 0.00393707
70000 1649 116.282 0.0188886
70000 1510 0.652779 0.00388286
70000 1588 0.632928 0.00373339
70000 1570 1.43228 0.00405966
70000 1545 1.79806 0.00404084
70000 1567 0.608326 0.00335596
70000 1753 2.00572 0.00431064
70000 1672 0.543633 0.00393941
70000 1797 0.860149 0.00393132
70000 1943 2.18753 0.00374037
70000 1850 1.07113 0.00439087
70000 1736 111.937 0.040897
70000 1620 0.919509 0.00384417
70000 1860 0.832212 0.00375058
70000 1979 1.9878 0.00421802
70000 1802 0.368548 0.00383406
70000 1960 0.794129 0.00342167
70000 1795 0.80696 0.00381197
70000 1780 0.242971 0.00419549
70000 1754 1.12149 0.00421207
70000 1801 0.933632 0.00390153
70000 1907 0.565243 0.00355841
70000 2769 1.48961 0.00380657
70000 1827 1.28873 0.00403561
70000 1612 1.54101 0.00362632
70000 1704 1.39461 0.00337876
70000 1939 0.461772 0.00377404
70000 1924 0.65294 0.00369661
70000 1871 0.741735 0.00385543
70000 1970 0.380472 0.0039355
80000 1926 0.356789 0.00354696
80000 1977 0.630888 0.003876
80000 1885 0.941282 0.00378483
80000 1732 1.06867 0.00396649
80000 1786 0.160981 0.00416355
80000 1848 0.394576 0.003461
80000 2044 2.00038 0.00431597
80000 1648 0.283727 0.00391465
80000 1647 0.616028 0.00397381
80000 2006 2.17758 0.00367628
80000 1826 1.06604 0.00436365
80000 1716 1.53472 0.00342926
80000 1744 1.13068 0.00387208
80000 1666 0.810691 0.0037502
80000 1778 1.13781 0.00378689
80000 1749 0.416963 0.00383382
80000 1784 0.795994 0.00339791
80000 1745 0.783352 0.00381205
80000 1703 0.262996 0.00419558
80000 1611 0.660183 0.00425067
80000 1607 0.825166 0.00389763
80000 1744 0.570667 0.00355831
80000 1716 1.74328 0.00370295
80000 1671 1.19732 0.00411505
80000 1643 1.49522 0.00360966
80000 1659 0.363287 0.00371454
80000 1674 0.455119 0.00376394
80000 1793 0.717498 0.00367363
80000 1755 1.0822 0.00359151
80000 1689 0.448853 0.00394701
90000 1648 0.342622 0.00356384
90000 1696 0.610152 0.0038826
90000 1664 0.837591 0.00377693
90000 1819 1.26517 0.00413764
90000 1918 0.0862368 0.00414592
90000 1826 0.3096 0.00336722
90000 1921 2.03093 0.00436197
90000 1596 0.259582 0.00392182
90000 1638 0.983298 0.00392011
90000 1701 0.968701 0.0036868
90000 1746 1.12828 0.00429045
90000 1768 0.885481 0.00336475
90000 1797 1.93908 0.00408048
90000 1687 72.2398 0.0116998
90000 2108 1.12969 0.00378731
90000 1823 0.592685 0.003786
90000 1967 125.095 0.022965
90000 2077 114.573 0.0437762
90000 1962 0.237986 0.0041958
90000 1766 1.41492 0.0043051
90000 1998 0.731158 0.0040225
90000 1865 0.554123 0.00355869
90000 2003 1.77154 0.00371648
90000 1807 1.45453 0.00405568
90000 1865 1.53368 0.00362384
90000 1674 0.596743 0.00362173
90000 2071 0.463236 0.00384271
90000 2421 0.66741 0.00367303
90000 2226 1.08093 0.00359106
90000 2011 0.803554 0.00383755
100000 2291 0.550525 0.00351754
100000 1993 1.13508 0.00371099
100000 1893 0.711051 0.00366461
100000 2108 76.1187 0.0118566
100000 2333 0.130525 0.00414576
100000 2160 0.317954 0.00336792
100000 2149 2.00429 0.0043103
100000 1619 0.206865 0.00381657
100000 1740 1.00549 0.00392049
100000 1901 0.565141 0.00365805
100000 2106 1.45911 0.00429472
100000 2031 0.899428 0.00337747
100000 2129 0.915351 0.00384393
100000 1982 0.507894 0.00381617
100000 2084 1.98511 0.00421823
100000 2066 0.447818 0.0038285
100000 2407 0.634515 0.00339531
100000 2401 0.782178 0.00378944
100000 1962 0.245435 0.00418766
100000 1803 1.04899 0.00421523
100000 1924 0.821756 0.00389788
100000 2189 1.27727 0.00356005
100000 2235 0.525925 0.00382261
100000 2096 1.53589 0.00408437
100000 2058 1.51325 0.00363716
100000 2018 0.132442 0.00369814
100000 2323 0.493331 0.00384312
100000 1997 0.70538 0.00349115
100000 1929 1.08062 0.00359087
100000 1966 0.37457 0.00393848
