-0.494787 -0.869014         0 -0.145188
 0.869014 -0.494787         0  0.443078
        0         0         1   0.13275
        0         0         0         1
-0.494787 -0.869014         0 -0.145188
 0.869014 -0.494787         0  0.443078
        0         0         1   0.13275
        0         0         0         1
-0.494787 -0.869014         0 -0.145188
 0.869014 -0.494787         0  0.443078
        0         0         1   0.13275
        0         0         0         1
-0.494787 -0.869014         0 -0.145188
 0.869014 -0.494787         0  0.443078
        0         0         1   0.13275
        0         0         0         1
-0.494787 -0.869014         0 -0.145188
 0.869014 -0.494787         0  0.443078
        0         0         1   0.13275
        0         0         0         1
-0.494787 -0.869014         0 -0.145188
 0.869014 -0.494787         0  0.443078
        0         0         1   0.13275
        0         0         0         1
-0.494787 -0.869014         0 -0.145188
 0.869014 -0.494787         0  0.443078
        0         0         1   0.13275
        0         0         0         1
-0.494787 -0.869014         0 -0.145188
 0.869014 -0.494787         0  0.443078
        0         0         1   0.13275
        0         0         0         1
-0.494787 -0.869014         0 -0.145188
 0.869014 -0.494787         0  0.443078
        0         0         1   0.13275
        0         0         0         1
-0.494787 -0.869014         0 -0.145188
 0.869014 -0.494787         0  0.443078
        0         0         1   0.13275
        0         0         0         1
-0.494787 -0.869014         0 -0.145188
 0.869014 -0.494787         0  0.443078
        0         0         1   0.13275
        0         0         0         1
-0.494787 -0.869014         0 -0.145188
 0.869014 -0.494787         0  0.443078
        0         0         1   0.13275
        0         0         0         1
-0.494787 -0.869014         0 -0.145188
 0.869014 -0.494787         0  0.443078
        0         0         1   0.13275
        0         0         0         1
-0.494787 -0.869014         0 -0.145188
 0.869014 -0.494787         0  0.443078
        0         0         1   0.13275
        0         0         0         1
-0.494787 -0.869014         0 -0.145188
 0.869014 -0.494787         0  0.443078
        0         0         1   0.13275
        0         0         0         1
-0.494787 -0.869014         0 -0.145188
 0.869014 -0.494787         0  0.443078
        0         0         1   0.13275
        0         0         0         1
-0.494787 -0.869014         0 -0.145188
 0.869014 -0.494787         0  0.443078
        0         0         1   0.13275
        0         0         0         1
-0.494787 -0.869014         0 -0.145188
 0.869014 -0.494787         0  0.443078
        0         0         1   0.13275
        0         0         0         1
-0.494787 -0.869014         0 -0.145188
 0.869014 -0.494787         0  0.443078
        0         0         1   0.13275
        0         0         0         1
-0.494787 -0.869014         0 -0.145188
 0.869014 -0.494787         0  0.443078
        0         0         1   0.13275
        0         0         0         1
-0.494787 -0.869014         0 -0.145188
 0.869014 -0.494787         0  0.443078
        0         0         1   0.13275
        0         0         0         1
-0.494787 -0.869014         0 -0.145188
 0.869014 -0.494787         0  0.443078
        0         0         1   0.13275
        0         0         0         1
-0.494787 -0.869014         0 -0.145188
 0.869014 -0.494787         0  0.443078
        0         0         1   0.13275
        0         0         0         1
-0.494787 -0.869014         0 -0.145188
 0.869014 -0.494787         0  0.443078
        0         0         1   0.13275
        0         0         0         1
-0.494787 -0.869014         0 -0.145188
 0.869014 -0.494787         0  0.443078
        0         0         1   0.13275
        0         0         0         1
-0.494787 -0.869014         0 -0.145188
 0.869014 -0.494787         0  0.443078
        0         0         1   0.13275
        0         0         0         1
-0.494787 -0.869014         0 -0.145188
 0.869014 -0.494787         0  0.443078
        0         0         1   0.13275
        0         0         0         1
-0.494787 -0.869014         0 -0.145188
 0.869014 -0.494787         0  0.443078
        0         0         1   0.13275
        0         0         0         1
-0.494787 -0.869014         0 -0.145188
 0.869014 -0.494787         0  0.443078
        0         0         1   0.13275
        0         0         0         1
-0.494787 -0.869014         0 -0.145188
 0.869014 -0.494787         0  0.443078
        0         0         1   0.13275
        0         0         0         1
