0.9 1634 0.575024 0.00352682
0.9 1685 0.666572 0.00389702
0.9 1564 0.920473 0.00379787
0.9 1600 1.08119 0.0039696
0.9 1759 0.0815255 0.00414547
0.9 1740 0.407971 0.00338888
0.9 1657 2.03339 0.00436265
0.9 1668 0.362292 0.00377659
0.9 1630 1.00751 0.00392032
0.9 1965 0.704203 0.00359698
0.9 1989 1.11385 0.00436534
0.9 2007 1.07991 0.00326392
0.9 1802 1.13666 0.00387196
0.9 1679 0.816047 0.00375039
0.9 1773 1.14417 0.00378678
0.9 1738 0.450318 0.00382101
0.9 1878 0.503515 0.00345695
0.9 1645 0.743214 0.00373628
0.9 1741 0.213875 0.0041958
0.9 1583 0.723258 0.00431175
0.9 1623 1.03236 0.00389498
0.9 1729 0.565462 0.00355785
0.9 1737 1.78889 0.00376594
0.9 1640 0.388819 0.00403246
0.9 1728 0.493263 0.00365723
0.9 1773 0.370651 0.00371435
0.9 1846 0.494898 0.00384258
0.9 2043 0.631106 0.00369674
0.9 2067 1.8715 0.00387396
0.9 1837 0.353974 0.00393843
0.85 2618 0.310021 0.00355873
0.85 2604 0.6443 0.00387664
0.85 2618 0.909382 0.0037975
0.85 2872 1.28682 0.00416553
0.85 2892 1.79583 0.00403996
0.85 2517 0.401084 0.00331844
0.85 2874 2.0543 0.00434225
0.85 2138 0.0699853 0.00384726
0.85 2354 1.14324 0.00388194
0.85 2761 0.771858 0.00366564
0.85 2559 1.4865 0.00428972
0.85 2440 0.924353 0.00337729
0.85 2486 1.14511 0.00387159
0.85 2462 0.673313 0.00381963
0.85 2551 1.13915 0.00378695
0.85 2472 0.684725 0.00376816
0.85 2572 0.594526 0.00344759
0.85 2387 0.774461 0.00379014
0.85 2544 0.290942 0.00419583
0.85 2405 0.767729 0.00437116
0.85 2392 59.6663 0.00918852
0.85 2490 0.561958 0.00353845
0.85 2715 0.538157 0.00382274
0.85 2484 1.73506 0.00410222
0.85 2462 0.524466 0.00365687
0.85 2280 0.323079 0.00371441
0.85 2840 0.464878 0.00377326
0.85 2673 0.68791 0.00367751
0.85 2771 1.0522 0.00361417
0.85 2576 0.420949 0.00394628
0.8 3821 0.56246 0.00352692
0.8 3845 1.15982 0.0036412
0.8 4015 0.920617 0.0037973
0.8 4483 1.34528 0.00405081
0.8 4476 0.137705 0.0041402
0.8 4260 0.320902 0.00333647
0.8 4518 2.01465 0.00436928
0.8 3491 0.543301 0.0039449
0.8 3627 nan 0.0039746
0.8 4729 0.954506 0.00369343
0.8 4276 1.50552 0.00428333
0.8 3828 0.932806 0.00337734
0.8 4196 1.08072 0.00388097
0.8 3858 0.624687 0.00384521
0.8 4661 1.87267 0.00417263
0.8 4123 0.684421 0.00378843
0.8 4517 0.569454 0.00341901
0.8 4202 0.7809 0.00379004
0.8 4111 0.770442 0.00414516
0.8 3783 1.41766 0.00430536
0.8 3741 1.21619 0.00396407
0.8 4205 0.897808 0.0035869
0.8 4433 0.749832 0.00379444
0.8 4135 1.52226 0.00408824
0.8 4103 0.542375 0.00365276
0.8 3765 0.64785 0.00354844
0.8 4639 1.32188 0.00363401
0.8 4546 0.717383 0.00367325
0.8 4847 1.07589 0.00359145
0.8 4820 0.715581 0.00390105
0.75 7133 0.308711 0.00356454
0.75 7303 0.802456 0.0037416
0.75 7623 0.709571 0.00366461
0.75 8414 1.09881 0.00390546
0.75 8139 nan 0.00414798
0.75 7252 0.377891 0.00333116
0.75 7885 1.9988 0.00431024
0.75 6127 0.183381 0.00381678
0.75 6591 nan 0.0039747
0.75 8462 2.19386 0.0036895
0.75 7637 1.06679 0.00439107
0.75 6827 0.925591 0.00339809
0.75 8069 1.14645 0.00387194
0.75 6913 0.81853 0.00375047
0.75 8288 1.93451 0.00416839
0.75 7463 0.488048 0.00378082
0.75 8385 0.834608 0.0034296
0.75 7388 0.778319 0.00381247
0.75 7409 0.789616 0.00409129
0.75 6522 0.71932 0.00433784
0.75 6732 1.28271 0.00394468
0.75 7504 0.577283 0.00355816
0.75 8215 1.79249 0.00376613
0.75 7839 1.52959 0.00408825
0.75 7387 0.548845 0.00365286
0.75 7252 0.348411 0.00371448
0.75 8204 0.452655 0.00379591
0.75 7848 0.739221 0.00348582
0.75 9061 0.764022 0.00361917
0.75 7479 0.809209 0.00383759
0.7 10581 0.352334 0.00356466
0.7 10977 1.02703 0.00381909
0.7 11165 0.776268 0.00377739
0.7 12255 1.33564 0.00404979
0.7 11786 nan 0.00414453
0.7 11359 0.399625 0.0033594
0.7 12291 2.05889 0.00433456
0.7 9000 0.221389 0.00381662
0.7 9472 1.01362 0.00390986
0.7 12894 0.776206 0.00364989
0.7 11634 1.06815 0.00439121
0.7 10743 1.46139 0.0033737
0.7 11928 1.96642 0.00403726
0.7 11077 0.790237 0.00374903
0.7 13603 1.16392 0.00379885
0.7 10836 0.633065 0.00375233
0.7 11124 0.612466 0.00339701
0.7 10495 0.732009 0.00378557
0.7 12279 0.242345 0.0041952
0.7 10812 0.822628 0.00429478
0.7 10201 1.18803 0.00395054
0.7 11492 1.27375 0.00355929
0.7 12554 1.79425 0.00376648
0.7 11509 1.19271 0.00411545
0.7 11697 0.529171 0.00365291
0.7 10950 0.35879 0.00371486
0.7 13404 0.560509 0.00378507
0.7 12317 0.698569 0.00367288
0.7 14259 1.07838 0.00359098
0.7 11828 0.725439 0.0039015
0.65 15366 0.535067 0.00352037
0.65 16362 0.639309 0.0038763
0.65 16762 0.705639 0.00366472
0.65 18806 1.34552 0.00404999
0.65 17130 1.70325 0.00402948
0.65 16307 0.386827 0.0033184
0.65 17885 2.00178 0.0043159
0.65 13277 0.151163 0.00381741
0.65 14461 0.121646 0.00406151
0.65 18509 2.19951 0.00368961
0.65 16879 1.08139 0.00439139
0.65 16384 0.920709 0.00337778
0.65 17227 1.90614 0.00404399
0.65 16156 0.624425 0.00384514
0.65 19499 1.15996 0.00379954
0.65 16538 0.381159 0.00383363
0.65 18597 0.7947 0.00342163
0.65 16873 0.23325 0.00361835
0.65 16448 0.752133 0.00414001
0.65 14820 0.752999 0.00431955
0.65 14747 0.826194 0.00388687
0.65 16321 0.587351 0.00356892
0.65 18344 1.76598 0.0037168
0.65 16838 1.86641 0.00412892
0.65 17065 1.55054 0.00362469
0.65 15047 0.739227 0.00352712
0.65 19125 0.460388 0.00377372
0.65 17861 0.700023 0.00367312
0.65 19765 1.08434 0.00359148
0.65 17916 0.387756 0.00393674
