0.1 39 -0.143243 0.0120602 -1.42116 2.03704 -0.155613 -0.00789314 -0.0621965 -0.413355 -0.0578023 0.00140535 -0.0447915 0.293501
0.1 44 -0.0918834 0.00663825 -1.42366 2.03229 -0.165407 -0.00576937 -0.0871688 -0.405631 -0.0562254 -0.00639911 -0.0599857 0.286787
0.1 36 0.110665 0.0275846 -1.35847 -0.630546 0.745022 -2.52113 0.0336993 0.0170343 0.00508878 0.0129074 0.0234899 -0.0132697
0.1 39 0.101699 0.0287011 -1.35633 1.45262 -0.800515 -2.80796 -0.00337368 -0.0755651 -0.00678163 -0.100209 0.00825762 0.0620642
0.1 43 0.266245 -0.0396094 -1.3916 3.03572 -0.721507 2.4293 0.0144096 0.134268 -0.00445177 -0.0837462 -0.000531764 -0.0816457
0.1 41 -0.2338 -0.0393729 -1.39663 0.980661 -0.977104 -3.0223 0.0674114 0.0873004 -0.0135291 0.0110364 0.0510142 -0.0620761
0.1 39 0.12911 0.0727959 -1.38599 0.622759 -0.344865 0.57996 -0.0899856 0.323631 -0.0412474 -0.0146998 -0.0720941 -0.236814
0.1 40 -0.249187 -0.00983882 -1.43322 -1.06343 0.1167 0.527149 0.491356 -0.0356735 -0.179659 0.213213 0.349258 0.134894
0.1 37 -0.196261 0.0516546 -1.39878 3.06478 -0.0547128 -0.438853 -0.109192 0.0348905 0.0104755 0.141047 -0.0760285 -0.0160565
0.1 36 0.096009 0.0286278 -1.4125 2.63519 -0.538537 -0.492943 -0.167878 0.357633 -0.070081 -0.0924584 -0.154504 -0.244433
0.1 32 0.216091 0.019581 -1.40541 -2.33449 0.14763 0.0825789 0.206 -0.530202 -0.104676 0.0506306 0.136083 0.390906
0.1 35 -0.199335 -0.0241615 -1.42736 0.145978 -0.169225 0.0773293 0.0767056 -0.387858 -0.0655078 0.376062 -0.0582081 0.341943
0.1 34 0.203606 0.00742881 -1.42449 -0.821357 0.245882 0.535823 0.367069 0.126843 0.00284626 0.000424789 0.257079 -0.0890113
0.1 33 0.00542847 -0.0305942 -1.43784 -1.92409 0.612449 -0.150894 0.00990471 0.264554 -0.035857 0.100367 0.0329557 -0.187842
0.1 36 0.00935177 0.0327334 -1.40422 0.793376 -0.465329 0.499036 0.0810811 0.342842 -0.0410983 -0.218324 0.0077521 -0.2528
0.1 35 -0.0893162 0.0288875 -1.40456 1.70451 -0.257393 -0.0704414 0.205667 -0.262599 -0.0608817 -0.159501 0.179987 0.158506
0.1 35 -0.211916 0.0270272 -1.40969 2.09544 -0.579636 0.191649 -0.0579708 0.256199 -0.0150971 0.0310054 -0.0342467 -0.178227
0.1 37 0.0922887 0.005217 -1.39368 0.694504 -0.934197 1.01206 0.0487013 -0.00283463 0.0038409 -0.00672098 0.0350305 0.00403466
0.1 36 0.278347 -0.0068106 -1.37764 -1.619 1.08141 -2.93169 0.199945 0.24139 0.0100874 -0.0577159 0.137224 -0.17184
0.1 34 -0.00620072 -0.0456566 -1.39497 -1.65605 0.905531 3.03034 0.0203103 -0.0858736 0.00251688 0.0144552 0.0136723 0.0575468
0.1 34 0.147693 0.00019981 -1.42508 2.13897 -0.207902 -0.115725 -0.137472 -0.313141 -0.0539573 0.16753 -0.129546 0.185368
0.1 35 -0.029232 -0.00328599 -1.42937 -0.333753 0.0108403 0.275608 0.0980539 -0.255476 -0.0246326 -0.0136216 0.0705108 0.171651
0.1 34 0.263828 -0.0632038 -1.41593 -2.93489 0.187178 1.60868 0.147317 -0.0570371 0.0199391 -0.01089 0.104031 0.0388614
0.1 35 -0.137899 0.0749266 -1.38448 -1.01837 0.329589 -0.113217 -0.12844 -0.1832 -0.0175384 -0.0611196 -0.083715 0.137191
0.1 33 -0.187988 0.0695972 -1.3918 -0.119159 0.168733 0.427315 -0.158873 0.00933723 0.0133746 -0.000536259 -0.110546 -0.00655204
0.1 34 -0.279475 0.0756918 -1.37873 -2.3262 0.507072 -0.725211 0.00926354 -0.0505304 -0.0108825 0.0769854 -0.000543928 0.0530355
0.1 35 -0.293768 -0.0332418 -1.38375 0.144029 -0.754342 -2.84776 0.115672 -0.0567463 -0.0290251 0.0362046 0.0829217 0.0516416
0.1 36 -0.246706 0.0133397 -1.41954 -2.11723 -0.0102226 -0.0751281 -0.107241 -0.151217 0.00175735 -0.171529 -0.0554601 0.0879544
0.1 35 -0.211916 -0.0210497 -1.43641 1.96465 -0.138179 0.0241866 -0.0790899 -0.453504 -0.0552779 -0.00136184 -0.0549231 0.320327
0.1 35 -0.221579 0.0288088 -1.37833 -0.190114 -0.875533 1.12343 -0.0110687 -0.0040043 0.000297879 0.00776011 -0.00814689 0.00581994
0.075 34 -0.14798 0.00553616 -1.42222 2.5534 -0.386515 -0.26682 0.0150863 -0.0480275 0.000368452 -0.393049 0.0170777 -0.00942221
0.075 35 -0.0949382 -0.000100893 -1.41847 2.22281 -0.231874 -0.508033 0.430043 0.0313935 -0.102307 -0.0261662 0.310832 -0.028345
0.075 34 0.105207 0.0306668 -1.35828 -0.604319 0.683893 -2.46663 -0.00584696 0.0307463 0.00191164 0.00547443 -0.00663108 -0.0250206
0.075 35 0.0960952 0.0326194 -1.35073 2.58804 -0.806177 2.55131 0.0952266 0.0430904 -8.17362e-05 -0.0241674 0.0708623 -0.0327892
0.075 36 0.247014 -0.0213248 -1.43014 1.46838 -0.350712 -0.307864 -0.0954437 -0.106415 -0.0231617 0.136188 -0.0773221 0.0435224
0.075 37 -0.240551 -0.050077 -1.39209 -1.09169 0.906949 -2.81404 0.0115301 -0.067264 -0.00376617 -0.0678923 0.0104816 0.0370066
0.075 37 0.124564 0.0716374 -1.38285 -1.82567 0.631164 -0.757408 -0.12813 0.0435555 -0.0198387 -0.0532242 -0.0914062 -0.0231088
0.075 34 -0.243617 -0.00259673 -1.43325 -1.11441 0.420223 0.0449413 -0.261361 -0.0537347 0.02518 0.10715 -0.178454 0.0316729
0.075 33 -0.206932 0.0488582 -1.39564 -2.90091 0.017779 -0.478249 -0.0192325 0.0281246 0.000257573 -0.175837 -0.0162525 -0.040922
0.075 36 0.0917391 -0.00441206 -1.37742 -1.35112 0.981482 -2.67228 0.147292 0.146485 -0.000884286 0.0641318 0.113108 -0.1057
0.075 33 0.206704 0.0366719 -1.40411 -2.35015 0.389863 -0.545552 -0.141667 0.307247 -0.0655145 -0.135273 -0.135999 -0.190041
0.075 35 -0.194471 -0.0108875 -1.43145 -0.236544 -0.0150302 0.23919 0.0620733 -0.183717 -0.0189401 0.13508 0.0296168 0.152428
0.075 35 0.204077 0.00961871 -1.42266 -0.804598 0.00271996 0.202501 0.191359 -0.424499 -0.0501604 -0.094362 0.170159 0.300969
0.075 34 -0.0161315 -0.031218 -1.43463 0.686439 -0.336684 0.144822 0.0285696 -0.0269478 -0.00605882 0.139695 0.0176646 0.0220008
0.075 35 0.00604375 0.0298292 -1.40856 0.463893 0.0314676 0.207575 -0.213747 -0.36012 -0.0749679 0.180088 -0.209998 0.225415
0.075 35 -0.0747115 0.0285706 -1.4034 1.25782 -0.25678 -0.0363755 0.0614448 -0.226649 -0.0336309 0.186651 0.012958 0.18579
0.075 34 -0.214261 0.0158185 -1.41299 -0.828745 -0.00857268 0.0747322 0.122441 -0.54992 -0.150173 -0.18065 0.173319 0.354153
0.075 34 0.107983 -0.0111807 -1.42308 0.353858 -0.0171799 0.460856 -0.138089 0.021442 -0.0255651 -0.123106 -0.100978 0.00455246
0.075 35 0.284942 0.0192228 -1.41117 1.8011 -0.54423 0.226845 -0.480888 0.0677766 -0.198395 -0.02593 -0.361935 -0.0353164
0.075 34 -0.000160092 -0.0476674 -1.39652 -1.89702 0.948008 2.89321 -0.0286516 -5.5294e-05 0.00210827 0.0897292 -0.0155139 -0.00337107
0.075 36 0.145864 -0.00821364 -1.42343 2.97557 -0.257295 -0.400678 0.121118 0.0620743 0.00412585 -0.550171 0.0683014 -0.0249785
0.075 34 -0.0275732 -0.0103347 -1.43378 -0.503362 0.0401889 0.69579 0.293099 0.308711 -0.0692151 0.169285 0.245862 -0.17664
0.075 34 0.254229 -0.025362 -1.43557 0.0884659 0.0343081 0.455782 -0.0548595 0.0992548 -0.0221767 -0.0813527 -0.048149 -0.056258
0.075 34 -0.13215 0.073729 -1.38235 1.56449 -0.318301 -0.176629 0.155345 -0.116811 -0.0423639 0.222361 0.0846139 0.135038
0.075 34 -0.199373 0.0806432 -1.37304 -2.63169 0.375088 -1.02886 -0.19354 -0.0371103 0.00705696 -0.00856382 -0.1408 0.0281307
0.075 33 -0.274906 0.0722013 -1.39207 -2.69973 0.366663 -0.0199533 0.0255664 -0.0394195 -0.0077606 -0.0116479 0.018541 0.0259041
0.075 34 -0.282399 -0.0297836 -1.39192 -1.58609 0.964644 2.92606 0.0906098 -0.0252686 -0.016509 -0.0362371 0.0649519 0.00563014
0.075 35 -0.250277 0.0113675 -1.41838 -2.52003 -0.00436862 -0.0749531 -0.186339 0.0322232 0.0179881 0.011663 -0.132423 -0.0231894
0.075 34 -0.217681 -0.0264377 -1.43753 2.43817 -0.40413 -0.197173 -0.0117891 -0.0930704 0.00409437 -0.375035 -0.0012104 0.0135952
0.075 33 -0.241831 0.00806664 -1.42138 0.0199115 -0.238693 0.329812 0.360727 -0.160982 -0.121628 -0.0404229 0.270735 0.0989047
0.05 34 -0.125359 0.0238889 -1.41628 -0.809621 0.334802 0.220376 0.0632733 -0.00974598 -0.008104 -0.154077 0.0509776 -0.0181813
0.05 36 -0.0916507 -0.00606515 -1.42093 2.43259 -0.266413 -0.27465 0.168578 -0.103089 -0.0269624 -0.301157 0.137247 0.0205731
0.05 31 0.1233 0.06093 -1.39647 -2.8137 -0.127781 -0.574226 -0.156558 0.196019 -0.0299506 -0.456386 -0.135598 -0.0441644
0.05 33 0.0854129 0.0599961 -1.39734 -0.708434 0.317498 -0.314617 0.0261589 -0.103886 -0.00758268 -0.0210335 0.0194849 0.0782353
0.05 33 0.257566 -0.00274541 -1.43507 -1.05635 0.299317 -0.00126569 -0.207417 -0.239666 -0.0669878 -0.0385164 -0.146281 0.174571
0.05 34 -0.23947 -0.0126763 -1.42303 0.883813 -0.13871 0.250217 -0.235431 -0.220961 -0.00196697 0.144026 -0.188228 0.15492
0.05 35 0.133992 0.0629567 -1.39576 0.555281 -0.0658966 0.522368 -0.3783 0.0315908 -0.0879066 0.0724119 -0.278968 -0.0474785
0.05 35 -0.25349 -0.00853739 -1.42795 -0.888181 0.334987 -0.0960342 -0.376407 -0.332189 -0.0222294 -0.170032 -0.228279 0.244878
0.05 33 -0.203903 0.0583246 -1.39739 -2.84217 0.0296915 -0.499823 -0.0236827 0.0294993 0.00348404 -0.238064 -0.0184566 -0.0558114
0.05 36 0.113301 0.00989775 -1.41467 2.82269 -0.175732 -0.391541 0.180745 0.0235615 0.000855658 -0.334661 0.127851 -0.0297573
0.05 33 0.207979 0.0343877 -1.41096 -2.20469 0.309034 -0.336945 -0.00812528 0.0561587 -0.00241621 -0.216314 -0.0123276 -0.0108785
0.05 34 -0.205745 -0.00424954 -1.42259 0.419697 0.0319309 0.386967 -0.30219 -0.141946 0.000354576 0.0947514 -0.219707 0.0889334
0.05 34 0.199412 0.00449107 -1.42214 -0.53591 0.45731 0.0422095 -0.312897 -0.00534264 -0.0815263 -0.457935 -0.187965 0.166969
0.05 34 -0.00387022 -0.0697125 -1.40276 0.878729 -0.690363 -2.62311 -0.0970548 -0.147869 -0.00523498 -0.0318644 -0.0687725 0.106028
0.05 36 0.00546809 0.0352621 -1.40715 0.689319 -0.236436 0.145542 0.140057 -0.221641 -0.0299813 0.00581861 0.0957045 0.155892
0.05 36 -0.0839865 0.035748 -1.40259 1.10157 -0.0498905 0.396074 -0.568508 -0.330183 -0.141178 0.16358 -0.462268 0.1775
0.05 35 -0.235653 -0.0048067 -1.3852 -1.01027 0.773073 -2.09825 0.0287934 0.0224971 -0.00335596 0.0406908 0.0207177 -0.00894299
0.05 34 0.112287 -0.0124197 -1.43134 -0.0125903 -0.450746 0.426007 0.470165 0.0386316 -0.0427126 0.252308 0.333025 0.0367819
0.05 35 0.278992 0.0158381 -1.41288 1.72167 -0.255605 -0.0919595 -0.00437356 -0.245909 -0.0293386 0.177515 -0.0386042 0.135956
0.05 33 -0.00940088 -0.0264916 -1.43695 2.26134 -0.451779 -0.214179 0.0393823 0.0822669 -0.00180635 -0.285593 0.00530466 -0.0617577
0.05 36 0.15845 -0.00283743 -1.39027 2.05465 -0.818154 -1.92803 0.0241117 -0.127823 -0.00246929 -0.0796066 0.0282926 0.0970724
0.05 37 -0.0357868 -0.0506392 -1.4029 -0.463103 0.408942 -1.94277 -0.00611371 -0.162507 -0.0061733 0.150987 -0.0205441 0.117472
0.05 32 0.267754 -0.054562 -1.44344 -2.92033 0.214779 -0.374461 0.277437 0.0289657 0.0183698 -0.164875 0.187013 -0.019172
0.05 34 -0.142876 0.06995 -1.3859 2.06389 -0.36896 -0.152959 0.10549 -0.0887877 -0.0241739 -0.276449 0.104754 0.0171899
0.05 33 -0.190551 0.0735908 -1.38518 -0.351525 0.371074 0.40842 -0.413215 0.102927 -0.009144 0.237605 -0.285467 -0.113988
0.05 34 -0.278325 0.0644558 -1.39434 0.271121 -0.0509671 0.30562 -0.0637436 -0.160495 -0.00304111 0.0430051 -0.0568978 0.125496
0.05 35 -0.290078 0.00447657 -1.42285 1.47076 -0.46246 0.139657 -0.315268 0.117862 0.0196477 0.262079 -0.19483 -0.0915958
0.05 34 -0.255948 0.0170764 -1.41871 0.660769 -0.320361 0.318782 0.103945 -0.0108269 -0.0217629 -0.0430227 0.0684475 -0.00912353
0.05 35 -0.215085 -0.0268283 -1.4374 2.23685 -0.429107 -0.17272 -0.0489997 0.00192158 0.0101235 -0.18556 -0.03875 -0.0185047
0.05 33 -0.242105 0.0170749 -1.41941 -0.17504 -0.242095 0.441894 0.376667 0.00908622 -0.119211 0.117852 0.273424 0.0415396
0.025 34 -0.148744 0.00721254 -1.41644 2.3014 -0.254931 -0.422595 0.3105 0.00717234 -0.0703425 -0.0930628 0.220297 -0.0331055
0.025 36 -0.0991209 -0.027471 -1.38504 -0.701371 0.759409 -2.52173 0.0620495 0.0214684 -0.00618141 0.0396941 0.043577 -0.0119441
0.025 32 0.119515 0.060697 -1.39566 0 -0 0 0.0334688 -0.0785441 0.0017709 -0.0588755 0.0282466 0.0631251
0.025 34 0.0893242 0.0682618 -1.39711 -1.28108 0.595044 6.42022e-05 -0.249967 0.187934 -0.0425434 0.0340745 -0.178728 -0.148381
0.025 34 0.261099 -0.0141148 -1.42769 -0.574575 0.263668 0.183082 0.0668278 -0.0715963 0.00729692 -0.462056 0.0781627 0.107517
0.025 35 -0.239615 -0.0156116 -1.42966 0.714345 -0.152448 0.262722 -0.255233 -0.153576 0.012709 0.308493 -0.209392 0.100809
0.025 35 0.130364 0.0606683 -1.3934 0.348267 0.00172538 0.365788 -0.306328 -0.191355 -0.0891443 0.308941 -0.271105 0.034846
0.025 34 -0.249508 -0.0124349 -1.42803 -0.986011 0.34443 0.0596786 -0.192635 -0.162046 0.0116604 -0.0339055 -0.129141 0.113307
0.025 33 -0.198509 0.0505919 -1.39443 3.07554 0.133594 -0.631992 0.128343 0.308509 -0.0540601 0.113673 0.116702 -0.19319
0.025 36 0.111424 0.0137092 -1.41702 2.07844 -0.323267 -0.238072 -0.112763 -0.075595 -0.0143361 0.31782 -0.0913037 0.00354761
0.025 34 0.215381 0.027677 -1.41094 -1.98795 0.176552 0.146823 0.338564 -0.497142 -0.089485 -0.247141 0.34589 0.324923
0.025 35 -0.203477 -0.00922914 -1.42735 0.705616 -0.0723114 0.337487 -0.147159 -0.182002 0.00177212 -0.204044 -0.0782244 0.117511
0.025 35 0.197093 -0.0015115 -1.41754 0 -0 0 0.000603611 -0.0271352 -0.000650953 -0.013857 0.00166416 0.022309
0.025 33 0.0044513 -0.0324632 -1.44124 -1.75612 0.497126 0.137215 0.299526 0.0287485 -0.0340917 0.0524084 0.214533 -0.0115823
0.025 35 0.00643114 0.0306728 -1.41053 0.703183 0.0133308 0.347839 -0.294769 -0.232826 -0.0585956 -0.086982 -0.200345 0.185318
0.025 36 -0.081784 0.0438876 -1.40391 1.12275 -0.372175 0.115525 -0.0608257 -0.0337674 -0.0010772 0.264413 -0.0543409 0.0220289
0.025 37 -0.209151 0.0157308 -1.37167 -0.947998 0.715824 2.66267 0.046621 0.0118965 -0.0104441 -0.0261138 0.0340449 -0.0149957
0.025 35 0.105479 -0.0131929 -1.42576 0.276133 -0.120924 0.616157 -0.0509714 0.266034 -0.0372298 -0.0730476 -0.0542715 -0.179224
0.025 37 0.285992 0.0123666 -1.41703 1.60405 -0.314575 -0.0355554 -0.113432 -0.224409 -0.0485077 0.253606 -0.116858 0.0857279
0.025 35 -0.0104592 -0.0216459 -1.43345 1.68143 -0.284488 -0.0276838 -0.122374 -0.203526 -0.0173421 0.213824 -0.112453 0.121717
0.025 35 0.142964 -0.00142493 -1.41665 1.49162 -0.170283 -0.167004 -0.16254 -0.562947 -0.154861 0.792237 -0.352422 0.126953
0.025 34 -0.0287806 -0.0124358 -1.42889 -0.188073 0.201745 0.278449 -0.143544 -0.146974 -0.0111229 -0.169048 -0.0852967 0.115298
0.025 33 0.270558 -0.0504017 -1.44793 -2.2709 0.250895 -0.186896 0.0821793 -0.151597 0.0122862 -0.0953567 0.0674334 0.118555
0.025 35 -0.147555 0.0818509 -1.38641 1.46939 -0.30598 0.0688503 -0.140111 -0.147754 -0.00864274 0.220022 -0.140599 0.101512
0.025 34 -0.192363 0.0360899 -1.37367 2.99761 0.224293 1.29849 0.202749 0.149465 -0.0481057 0.0454122 0.15294 -0.0955112
0.025 33 -0.277387 0.0680109 -1.38551 0.0304141 0.170172 0.309884 -0.349243 -0.167464 0.000175398 0.271808 -0.296273 0.100394
0.025 36 -0.285395 -0.00089757 -1.4247 1.52208 -0.362928 -0.18492 0.0924404 -0.00208158 -0.0251226 0.324295 0.0557119 0.08459
0.025 36 -0.244694 -0.0233903 -1.39257 -0.156358 -0.638134 -1.37184 -0.0275836 -0.0475838 0.00445367 0.00891951 -0.0209468 0.0361154
0.025 36 -0.222633 -0.0276489 -1.38607 1.56128 -0.543844 2.61369 -0.177542 -0.036798 0.017928 0.00237302 -0.125023 0.0253607
0.025 32 -0.24117 0.01608 -1.41223 -0.119937 0.0717025 0.658336 -0.0276981 0.337998 -0.0403261 0.0864865 0.00153936 -0.22961
0.01 35 -0.141668 0.00819797 -1.41818 -0.073862 0.0525984 0.2298 0.187726 0.0907709 -0.0359851 -0.0300349 0.135324 -0.0709894
0.01 37 -0.0934415 -0.0198773 -1.3824 -1.66635 1.01118 2.87512 -0.151081 0.0621954 0.00075874 0.134234 -0.10496 -0.0524231
0.01 32 0.132372 0.0717658 -1.39435 -1.32375 0.150617 -0.237056 -0.0423211 -0.105335 -0.0169412 -0.0106787 -0.0301161 0.078416
0.01 33 0.0877362 0.0614627 -1.39348 -0.844672 0.33479 0.297962 0.175205 0.0260917 -0.00285655 -0.310764 0.128699 -0.0380291
0.01 35 0.255815 -0.0140913 -1.4398 2.20049 -0.27799 -0.573049 0.148585 -0.0256175 0.0208639 -0.00927097 0.105971 0.017757
0.01 34 -0.231012 -0.00759406 -1.43751 -1.7911 0.439701 -0.465648 -0.188908 0.0302012 0.0242669 -0.132268 -0.136407 -0.0284926
0.01 33 0.138483 0.0570471 -1.38814 0.722018 -0.160136 0.205819 -0.0282583 -0.212844 -0.0345227 -0.0311223 -0.0112498 0.164014
0.01 34 -0.260619 -0.00899819 -1.43183 1.92805 -0.527913 -0.331068 -0.00152409 0.104991 -0.00509632 0.00839284 0.000998175 -0.0748642
0.01 33 -0.212824 0.0453038 -1.39819 2.56894 -0.245121 -0.260407 -0.102846 -0.124728 -0.000287809 -0.00333848 -0.0767317 0.0948967
0.01 36 0.115363 0.0147025 -1.40899 -0.0468289 0.0288019 -0.0331158 -0.0320775 -0.106097 -0.00846844 0.00542177 -0.0229472 0.0798509
0.01 32 0.209383 0.0290389 -1.40618 0.616488 -0.157685 0.00610242 -0.173279 -0.0344912 -0.0377765 0.0327037 -0.126709 0.015838
0.01 34 -0.211161 -0.0141446 -1.4268 2.02986 -0.51345 -0.199606 -0.0796032 0.145427 -0.00647178 0.0385404 -0.0529106 -0.102392
0.01 33 0.20412 0.00772748 -1.41884 -1.45687 0.508513 0.0717869 -0.308014 -0.061021 -0.0846069 0.471489 -0.205919 -0.127599
0.01 33 -0.0032012 -0.0357613 -1.4352 -1.59081 0.501187 0.212452 0.38937 0.0874474 -0.0649467 -0.10505 0.262366 -0.0898708
0.01 34 0.00815157 0.0364362 -1.39622 0.256363 0.0250718 0.537208 -0.458982 0.0461766 -0.0951994 0.374025 -0.309416 -0.159306
0.01 34 -0.0912292 0.0406466 -1.40518 1.44005 -0.422583 0.185665 -0.158872 -0.00779851 0.000159397 -0.0455805 -0.115483 0.00637935
0.01 34 -0.21462 0.0228847 -1.41613 -0.923562 0.273385 0.194689 0.0403796 -0.140327 -0.0135255 -0.078534 0.0396004 0.0860201
0.01 32 0.105469 -0.016585 -1.42833 0.122257 -0.0807595 0.282976 0.00262079 -0.185555 -0.0118706 0.129816 -0.0167448 0.121484
0.01 35 0.289587 0.0121314 -1.41859 2.919 -0.446325 -0.381951 -0.232962 0.195202 -0.0805395 -0.329126 -0.19042 -0.0121138
0.01 33 0.00677431 -0.0125044 -1.43044 1.7751 -0.430085 -0.384658 0.286733 0.0362012 -0.0343572 0.279956 0.2174 0.0303915
0.01 34 0.133508 -0.00378427 -1.41992 2.99276 -0.298007 -0.377447 0.0583171 0.0222284 0.000350698 -0.571758 0.0363569 0.0247552
0.01 34 -0.0274948 -0.0190921 -1.42765 -0.322462 0.298672 0.541059 -0.158401 0.244459 -0.0297935 0.0253805 -0.108304 -0.16911
0.01 32 0.259005 -0.0528266 -1.44667 -2.97567 -0.248345 -0.403331 -0.372826 0.00962565 -0.121894 -0.137012 -0.268614 0.0552122
0.01 33 -0.121532 0.0546371 -1.34657 1.85348 -0.919142 -3.08423 0.117691 -0.0158208 -0.0187098 -0.0467055 0.090863 0.000429954
0.01 32 -0.189045 0.0802095 -1.38097 -0.267532 0.163496 0.594237 -0.0778518 0.24649 -0.0117386 0.168143 -0.0322609 -0.169448
0.01 32 -0.26789 0.0642103 -1.39243 0.168628 0.106194 0.315361 -0.301055 -0.176227 0.00715835 0.107976 -0.231366 0.128464
0.01 35 -0.302202 -0.0185357 -1.37926 -2.49488 0.854003 2.86149 -0.0173002 0.0770355 0.00109247 0.0675542 -0.00816259 -0.0454093
0.01 32 -0.250166 0.00962862 -1.423 0.709881 0.142283 0.227913 -0.31351 -0.529415 -0.0811214 -0.141783 -0.179313 0.383521
0.01 33 -0.21625 -0.0181841 -1.43745 1.85896 -0.59389 -0.0415329 -0.316296 0.213152 -0.00427692 0.134222 -0.199646 -0.15966
0.01 32 -0.242973 0.00368268 -1.41929 -0.290584 0.167373 0.210796 -0.244332 -0.230165 0.00161647 0.190807 -0.204791 0.165197
0.0075 34 -0.146789 0.00627345 -1.41801 2.18011 -0.27827 -0.10825 -0.0507645 -0.20357 -0.0128285 -0.100629 -0.0217861 0.138189
0.0075 35 -0.0963292 0.0049831 -1.42247 1.94627 -0.222872 -0.232066 0.122378 -0.151452 -0.0213492 0.170023 0.0651358 0.130299
0.0075 33 0.131223 0.0747328 -1.39447 -0.997645 0.0685388 -0.322696 0.0354375 -0.02948 -0.00128526 -0.0778874 0.0302996 0.0265842
0.0075 35 0.0963872 0.0325828 -1.3591 2.84289 -0.853857 2.32082 0.145818 0.212158 -0.00708478 -0.199954 0.0847636 -0.165649
0.0075 37 0.276363 -0.0279994 -1.38358 2.47678 -0.738132 3.09701 -0.0950527 -0.133484 -0.0256225 -0.00566408 -0.0671711 0.0974658
0.0075 34 -0.236857 -0.0442326 -1.39571 -1.67208 0.938515 -3.12898 0.108837 -0.0811474 -0.0193613 -0.135158 0.0849923 0.0235824
0.0075 35 0.119515 0.0588859 -1.39268 2.75446 -0.537287 -0.49765 0.0437684 -0.0421143 0.00199375 -0.0202372 0.0328054 0.0346251
0.0075 32 -0.248277 -0.00884947 -1.43259 -0.979887 0.388404 0.422651 0.158118 0.190732 -0.0480925 0.0949794 0.126968 -0.106633
0.0075 32 -0.200609 0.0487667 -1.40238 3.09134 0.273762 -0.40108 0.332585 0.0350404 -0.0864776 0.133206 0.239603 0.027367
0.0075 35 0.105892 0.0205707 -1.41015 -1.08204 0.440801 -0.123206 -0.402994 -0.134576 -0.107924 0.114393 -0.313941 0.0560764
0.0075 32 0.205284 0.0193133 -1.41064 -2.16219 0.123927 -0.319657 -0.158625 -0.133659 -0.0447056 -0.25207 -0.0838793 0.162938
0.0075 33 -0.210614 -0.0210225 -1.43625 2.29255 -0.379196 -0.322433 -0.00133987 0.101218 -0.00241895 0.0273156 -0.000749075 -0.0674738
0.0075 34 0.201976 -0.024322 -1.38042 2.6496 -0.797855 2.45013 -0.0115482 -0.0161154 -0.00466705 0.0382911 -0.0101339 0.00535353
0.0075 33 0.00208691 -0.064469 -1.39982 1.52537 -0.915605 -3.13937 -0.0239508 -0.0707989 0.00036004 -0.050013 -0.0139276 0.0492681
0.0075 34 0.00639534 0.0262764 -1.411 0.363539 -0.0704672 0.185376 -0.0881535 -0.299431 -0.041123 0.293669 -0.133284 0.18605
0.0075 36 -0.0920873 0.0152011 -1.36576 -2.58806 0.853744 2.77119 0.0536809 0.0340785 -0.000476903 0.0220051 0.0396851 -0.0229669
0.0075 33 -0.225076 0.0193455 -1.413 -0.737171 0.286651 0.341646 0.179077 -0.0396907 -0.0387279 -0.226863 0.126534 -0.0312207
0.0075 32 0.102378 -0.0106308 -1.43733 -0.111712 -0.0349081 0.598307 -0.143204 0.275637 -0.0405182 0.286756 -0.040854 -0.239394
0.0075 33 0.280235 0.0163827 -1.42364 2.24466 -0.29682 -0.394862 0.369133 0.0995027 0.030806 -0.194892 0.241428 -0.0788428
0.0075 31 0.00718456 -0.0165765 -1.42782 -0.785098 0.249981 0.245425 0.169551 -0.0146303 -0.0147463 -0.0242821 0.122155 0.00741787
0.0075 33 0.147872 -0.000134569 -1.42108 -0.364576 0.122423 0.142558 0.0257736 -0.104613 -0.00138752 0.0415445 0.0162839 0.074128
0.0075 32 -0.0250263 -0.00999624 -1.42569 -0.435484 0.281423 0.787516 0.00709018 0.53618 -0.112987 0.180022 0.081059 -0.375006
0.0075 31 0.259919 -0.0501437 -1.44782 -2.7347 0.0494428 -0.443776 0.0424746 0.0844162 0.0010373 -0.358651 0.00626042 0.000763107
0.0075 33 -0.137061 0.0520668 -1.35358 -1.64133 1.03927 2.92806 -0.0398809 0.0823642 0.0112125 -0.0156549 -0.0290192 -0.0660492
0.0075 34 -0.19857 0.0348925 -1.36562 3.01661 0.170711 1.46553 0.0213511 0.0961991 -0.00422754 -0.0228417 0.0131574 -0.0733645
0.0075 32 -0.282423 0.078775 -1.38928 0.769914 -0.358664 0.428195 0.243142 -0.044755 -0.0740358 -0.477105 0.168485 -0.153209
0.0075 35 -0.297015 0.00701977 -1.41539 -1.71821 0.583686 -0.730798 -0.0427874 -0.0152742 0.00859343 0.0248276 -0.0300508 0.0148805
0.0075 33 -0.24344 0.00209351 -1.42012 0.594097 -0.246001 0.201748 0.114595 -0.166291 -0.0369614 0.00370078 0.0848819 0.122096
0.0075 34 -0.21263 -0.0258471 -1.43319 -0.454181 0.113015 0.0839592 0.147659 -0.162443 -0.0370867 0.0212403 0.101202 0.122368
0.0075 32 -0.240666 0.0125446 -1.421 -2.75939 0.21936 -0.588431 -0.000363705 -0.0301859 -0.00156327 -0.0291873 -0.000293403 0.0124556
0.005 33 -0.153834 -0.0109817 -1.38462 2.28073 -0.639228 2.03334 -0.00080193 0.0259768 4.23707e-05 0.00588703 0.000547931 -0.0175332
0.005 36 -0.0849185 -0.00488831 -1.41608 0 -0 0 0.0170743 -0.0483451 0.000842855 -0.00254561 0.0121395 0.0349984
0.005 31 0.123487 0.0542524 -1.39532 -2.93119 0.139647 -0.305896 0.300896 -0.11165 -0.0169576 -0.333885 0.250907 0.0335562
0.005 33 0.0764336 0.0338057 -1.37201 2.30142 -0.132496 1.52135 0.116946 0.118132 -0.00176201 -0.0596199 0.0817896 -0.0897954
0.005 33 0.261502 -0.00884093 -1.43142 -1.11392 -0.0746938 0.16755 0.174318 -0.631682 -0.11648 0.0962091 0.0874893 0.444969
0.005 35 -0.229198 -0.0419312 -1.41473 -0.0667639 0.151164 -0.417862 0.0494167 0.0290699 -0.00889357 -0.0321444 0.0336506 -0.0265058
0.005 31 0.117593 0.068963 -1.38117 0.922734 -0.338959 0.577054 -0.157826 0.23125 -0.0433912 -0.36602 -0.156743 -0.0814565
0.005 31 -0.249619 -0.00880002 -1.43224 -0.837765 0.497786 0.263751 -0.0976959 0.152961 0.00846176 -0.0887814 -0.077998 -0.117221
0.005 32 -0.210372 0.0360739 -1.35726 0.309661 -0.875509 -2.8102 0.212938 0.0489756 -0.0493666 -0.0655628 0.159014 -0.0588792
0.005 35 0.10479 0.0168341 -1.41513 1.86322 -0.326623 -0.0328809 -0.354214 -0.220744 -0.0960342 0.451767 -0.302038 -0.00461442
0.005 31 0.219257 0.0018812 -1.38125 -1.69515 -0 1.88146 0.0216951 0.0298549 0.00173558 -0.0228152 0.0152414 -0.0142646
0.005 33 -0.20817 -0.0028271 -1.42848 0.72175 -0.26056 0.425272 0.0212567 0.0221257 -0.00283773 -0.223158 0.00359332 -0.0537897
0.005 33 0.202676 -0.00902259 -1.42577 -2.26758 0.32569 -0.401538 -0.187491 0.045257 -0.0408924 0.050848 -0.132877 -0.0425206
0.005 32 -0.0131944 -0.0422995 -1.43755 0 -0 0 -0.0195553 -0.0450364 0.00287266 0.0470461 -0.0152608 0.0333754
0.005 36 0.012586 0.0418295 -1.40505 0.13131 -0.129685 0.565894 -0.216092 0.1241 -0.0247058 0.50468 -0.0971326 -0.165481
0.005 35 -0.0876013 0.0304433 -1.39685 1.12774 -0.243612 0.117325 -0.128503 -0.186499 -0.0262535 0.24954 -0.134586 0.124666
0.005 33 -0.234011 0.00294521 -1.40692 0 -0 0 -0.0698727 0.0390457 0.0101473 0.00314426 -0.0529017 -0.0264385
0.005 32 0.111621 -0.0107506 -1.42846 0.375161 -0.0116261 0.382631 -0.126124 -0.0718984 -0.0166309 -0.142281 -0.0806265 0.0718061
0.005 33 0.30452 0.0107584 -1.38853 -1.15689 0.353157 1.87618 -0.00337143 0.00205235 0.000782682 -0.0242631 -0.0022457 0.00289266
0.005 32 -0.00422396 -0.0162432 -1.43023 1.94443 -0.489171 -0.201641 0.0181899 0.13312 -0.0126981 0.0156548 0.0180247 -0.0964796
0.005 32 0.153078 -0.0373802 -1.38068 3.14159 -1.10715 3.14159 -0.148022 -0.0392853 -0.0217629 0.0228351 -0.108738 0.0248793
0.005 34 -0.0337677 -0.0134932 -1.42986 -0.399514 0.404383 0.390605 -0.350062 0.11408 -0.0422859 0.0737111 -0.245205 -0.0956744
0.005 30 0.260172 -0.0651962 -1.44483 -2.96244 0.0159371 -0.0877739 0.108256 -0.434156 -0.0367159 -0.0739811 0.10038 0.320313
0.005 32 -0.148403 0.0820709 -1.39054 1.54706 -0.268933 -0.0108458 -0.0247467 -0.193908 -0.01795 0.183533 -0.059806 0.151116
0.005 32 -0.191437 0.0571465 -1.3969 -0.0158287 -0.0357179 0.26697 0.097807 -0.23657 -0.0449404 -0.0901844 0.0919824 0.15931
0.005 32 -0.276076 0.0663363 -1.38831 0.684377 -0.304756 0.480885 0.159565 0.0352684 -0.0427384 -0.403491 0.101171 -0.148322
0.005 34 -0.278784 -0.0155884 -1.41941 0 -0 0 0.136686 -0.0962718 -0.0401362 -0.185991 0.105992 0.0195363
0.005 34 -0.231952 -0.0250182 -1.38706 -1.81577 0.00114888 0.00459556 0.0613282 -0.0388964 -0.0135306 0.0216612 0.0440542 0.0326461
0.005 35 -0.211224 -0.00355227 -1.42377 0.197576 -0.0510441 0.509715 -0.0738712 0.101447 0.00205995 -0.00159832 -0.0545702 -0.0746227
0.005 34 -0.253519 0.0164924 -1.41774 2.53164 -0.590014 -0.679891 -0.322622 0.0201301 0.0237414 0.0588258 -0.231698 -0.0174852
0.0025 32 -0.142872 0.00262119 -1.41503 0 -0 0.349267 0.00907705 0.0825318 -0.00138153 -0.0751317 -0.00154723 -0.0646134
0.0025 35 -0.0849185 -0.00488831 -1.41608 0 -0 0 0.0170743 -0.0483451 0.000842855 -0.00254561 0.0121395 0.0349984
0.0025 30 0.117097 0.0393673 -1.39165 0 -0 0 0.0304801 -0.229424 -0.0289133 0.250346 -0.0310585 0.154283
0.0025 33 0.0814817 0.0490783 -1.39077 0 -0 0 0.00962611 0.0134194 -0.00163886 0.0433452 0.0073214 -0.00961576
0.0025 33 0.206231 -0.0479381 -1.40991 2.21928 -0.598415 0.63924 0.217492 0.145705 0.00913121 -0.0384559 0.152603 -0.104633
0.0025 36 -0.229198 -0.0419312 -1.41473 -0.0667639 0.151164 -0.417862 0.0494167 0.0290699 -0.00889357 -0.0321444 0.0336506 -0.0265058
0.0025 35 0.143396 0.0188333 -1.3608 0 -0 -2.35424 0.229774 -0.129663 -0.00832506 -0.163471 0.194177 0.0832605
0.0025 37 -0.283867 -0.0369688 -1.388 1.07126 1.03989 2.70175 -0.0241894 0.00913138 0.00491067 0.00382489 -0.0175585 -0.00502085
0.0025 36 -0.199441 0.0335519 -1.38881 0 -0 0 0.0210918 -0.374698 -0.0767624 -0.0537472 0.0353431 0.28006
0.0025 40 0.0666461 0.00485151 -1.38929 -0.164845 1.04017 -0.142507 0.0691775 0.00789652 0.00332346 0.002397 0.0528297 -0.00246325
0.0025 36 0.219257 0.0018812 -1.38125 -1.69515 -0 1.88146 0.0216951 0.0298549 0.00173558 -0.0228152 0.0152414 -0.0142646
0.0025 36 -0.178355 -0.082582 -1.41015 -2.81984 0.339837 0.785398 -0.0293006 0.0304173 0.00379857 0.0239189 -0.0231688 -0.0193732
0.0025 39 0.189208 -0.0142377 -1.39634 0 -0 0 0.0645549 0.105638 0.00643925 0.0234815 0.0451464 -0.0748319
0.0025 37 -0.0131944 -0.0422995 -1.43755 0 -0 0 -0.0195553 -0.0450364 0.00287266 0.0470461 -0.0152608 0.0333754
0.0025 34 -0.365584 0.128979 -1.37757 -1.5708 -1.10715 0 0.0771517 0.982273 -0.288752 0.0526408 0.107569 -0.72925
0.0025 34 -0.365584 0.128979 -1.37757 -1.5708 -1.10715 0 0.0771517 0.982273 -0.288752 0.0526408 0.107569 -0.72925
0.0025 37 -0.234011 0.00294521 -1.40692 0 -0 0 -0.0698727 0.0390457 0.0101473 0.00314426 -0.0529017 -0.0264385
0.0025 36 0.11012 -0.0406632 -1.42954 0 -0 0 -0.0366915 -0.601453 -0.128784 0.219999 -0.123742 0.415915
0.0025 39 0.27344 -0.0103249 -1.3674 0 -0 -2.37182 -0.034884 -0.0216582 -0.00931499 -0.0114098 -0.0242768 0.0186174
0.0025 38 0.00230503 -0.0318896 -1.42759 0 -0 0 -0.0159544 0.02368 0.00184241 0.00329698 -0.0111753 -0.0153878
0.0025 36 0.153078 -0.0373802 -1.38068 3.14159 -1.10715 3.14159 -0.148022 -0.0392853 -0.0217629 0.0228351 -0.108738 0.0248793
0.0025 37 -0.0364156 -0.039994 -1.43075 0 -0 0 0.210947 -0.610487 -0.150958 -0.272232 0.276125 0.392741
0.0025 35 0.260172 -0.0651962 -1.44483 -2.96244 0.0159371 -0.0877739 0.108256 -0.434156 -0.0367159 -0.0739811 0.10038 0.320313
0.0025 38 -0.13136 0.0682491 -1.38091 0 -0 0 0.0584407 0.0147399 -0.0044031 -0.0787431 0.0464611 -0.0217163
0.0025 37 -0.195286 0.0319266 -1.38607 0 -0 0 0.0910898 0.044742 -0.0176029 -0.0718492 0.0649339 -0.0442441
0.0025 37 -0.265035 -0.0119984 -1.37685 3.14159 -0 0.785399 -0.0276841 -0.00408957 0.004389 0.129741 -0.0224331 0.0260619
0.0025 39 -0.278784 -0.0155884 -1.41941 0 -0 0 0.136686 -0.0962718 -0.0401362 -0.185991 0.105992 0.0195363
0.0025 38 -0.231952 -0.0250182 -1.38706 -1.81577 0.00114888 0.00459556 0.0613282 -0.0388964 -0.0135306 0.0216612 0.0440542 0.0326461
0.0025 39 -0.205889 -0.0286476 -1.42512 -0.291457 -0 0 0.106247 0.0329419 -0.0205855 0.00563949 0.0761539 -0.0221186
0.0025 37 -0.247246 -0.0243294 -1.41203 0 -0 0 0.0504332 0.239152 -0.0313597 -0.0531402 0.0249236 -0.179125
0.001 38 -0.142872 0.00262119 -1.41503 0 -0 0.349267 0.00907705 0.0825318 -0.00138153 -0.0751317 -0.00154723 -0.0646134
0.001 40 -0.0849185 -0.00488831 -1.41608 0 -0 0 0.0170743 -0.0483451 0.000842855 -0.00254561 0.0121395 0.0349984
0.001 35 0.117097 0.0393673 -1.39165 0 -0 0 0.0304801 -0.229424 -0.0289133 0.250346 -0.0310585 0.154283
0.001 38 0.0814817 0.0490783 -1.39077 0 -0 0 0.00962611 0.0134194 -0.00163886 0.0433452 0.0073214 -0.00961576
0.001 37 0.206231 -0.0479381 -1.40991 2.21928 -0.598415 0.63924 0.217492 0.145705 0.00913121 -0.0384559 0.152603 -0.104633
0.001 40 -0.229198 -0.0419312 -1.41473 -0.0667639 0.151164 -0.417862 0.0494167 0.0290699 -0.00889357 -0.0321444 0.0336506 -0.0265058
0.001 38 0.143396 0.0188333 -1.3608 0 -0 -2.35424 0.229774 -0.129663 -0.00832506 -0.163471 0.194177 0.0832605
0.001 36 -0.283867 -0.0369688 -1.388 1.07126 1.03989 2.70175 -0.0241894 0.00913138 0.00491067 0.00382489 -0.0175585 -0.00502085
0.001 36 -0.199441 0.0335519 -1.38881 0 -0 0 0.0210918 -0.374698 -0.0767624 -0.0537472 0.0353431 0.28006
0.001 40 0.0666461 0.00485151 -1.38929 -0.164845 1.04017 -0.142507 0.0691775 0.00789652 0.00332346 0.002397 0.0528297 -0.00246325
0.001 36 0.219257 0.0018812 -1.38125 -1.69515 -0 1.88146 0.0216951 0.0298549 0.00173558 -0.0228152 0.0152414 -0.0142646
0.001 37 -0.178355 -0.082582 -1.41015 -2.81984 0.339837 0.785398 -0.0293006 0.0304173 0.00379857 0.0239189 -0.0231688 -0.0193732
0.001 40 0.189208 -0.0142377 -1.39634 0 -0 0 0.0645549 0.105638 0.00643925 0.0234815 0.0451464 -0.0748319
0.001 37 -0.0131944 -0.0422995 -1.43755 0 -0 0 -0.0195553 -0.0450364 0.00287266 0.0470461 -0.0152608 0.0333754
0.001 34 -0.365584 0.128979 -1.37757 -1.5708 -1.10715 0 0.0771517 0.982273 -0.288752 0.0526408 0.107569 -0.72925
0.001 34 -0.365584 0.128979 -1.37757 -1.5708 -1.10715 0 0.0771517 0.982273 -0.288752 0.0526408 0.107569 -0.72925
0.001 37 -0.234011 0.00294521 -1.40692 0 -0 0 -0.0698727 0.0390457 0.0101473 0.00314426 -0.0529017 -0.0264385
0.001 36 0.11012 -0.0406632 -1.42954 0 -0 0 -0.0366915 -0.601453 -0.128784 0.219999 -0.123742 0.415915
0.001 39 0.27344 -0.0103249 -1.3674 0 -0 -2.37182 -0.034884 -0.0216582 -0.00931499 -0.0114098 -0.0242768 0.0186174
0.001 37 0.00230503 -0.0318896 -1.42759 0 -0 0 -0.0159544 0.02368 0.00184241 0.00329698 -0.0111753 -0.0153878
0.001 36 0.153078 -0.0373802 -1.38068 3.14159 -1.10715 3.14159 -0.148022 -0.0392853 -0.0217629 0.0228351 -0.108738 0.0248793
0.001 38 -0.0364156 -0.039994 -1.43075 0 -0 0 0.210947 -0.610487 -0.150958 -0.272232 0.276125 0.392741
0.001 35 0.260172 -0.0651962 -1.44483 -2.96244 0.0159371 -0.0877739 0.108256 -0.434156 -0.0367159 -0.0739811 0.10038 0.320313
0.001 38 -0.13136 0.0682491 -1.38091 0 -0 0 0.0584407 0.0147399 -0.0044031 -0.0787431 0.0464611 -0.0217163
0.001 37 -0.195286 0.0319266 -1.38607 0 -0 0 0.0910898 0.044742 -0.0176029 -0.0718492 0.0649339 -0.0442441
0.001 36 -0.265035 -0.0119984 -1.37685 3.14159 -0 0.785399 -0.0276841 -0.00408957 0.004389 0.129741 -0.0224331 0.0260619
0.001 38 -0.278784 -0.0155884 -1.41941 0 -0 0 0.136686 -0.0962718 -0.0401362 -0.185991 0.105992 0.0195363
0.001 38 -0.231952 -0.0250182 -1.38706 -1.81577 0.00114888 0.00459556 0.0613282 -0.0388964 -0.0135306 0.0216612 0.0440542 0.0326461
0.001 39 -0.205889 -0.0286476 -1.42512 -0.291457 -0 0 0.106247 0.0329419 -0.0205855 0.00563949 0.0761539 -0.0221186
0.001 37 -0.247246 -0.0243294 -1.41203 0 -0 0 0.0504332 0.239152 -0.0313597 -0.0531402 0.0249236 -0.179125
