0.01 40 -0.151144 0.0387353 -1.38333 -0.347339 0.213079 1.16837 -0.527669 -0.607978 -0.200194 -1.11802 0.180519 0.450596
0.01 43 -0.100349 0.0195818 -1.4044 -0.74417 -0.661197 1.37002 0.0499615 -1.38273 -1.13748 -0.131853 0.614182 1.28816
0.01 39 0.10854 0.0952678 -1.30934 -2.59884 0.640281 -1.92393 -0.555638 1.04375 -0.846958 1.28135 1.09478 -0.824378
0.01 41 0.078223 0.0363234 -1.3689 1.73548 0.062195 1.23025 0.885965 -0.662875 -0.52067 0.345153 0.643861 0.737058
0.01 42 0.254459 -0.0380306 -1.40345 1.88213 0.0611903 1.1674 1.01645 -0.599166 -0.350468 0.380879 0.675027 0.654152
0.01 42 -0.226442 -0.0142379 -1.42008 -0.848247 -1.11098 0.433301 -0.344732 1.30091 -0.806707 0.193546 -0.186385 -1.16407
0.01 41 0.140761 0.0878972 -1.33144 2.00372 0.558245 -2.23638 -0.646975 0.386927 -0.322533 -0.321302 -0.570235 -0.0961063
0.01 42 -0.246599 0.0228016 -1.37767 0.299368 0.000335023 1.82699 -0.903261 -1.02444 -0.624915 -0.610513 -0.275121 1.00596
0.01 39 -0.188508 0.0870067 -1.30922 -0.594365 0.767951 1.72778 -1.21358 -0.374273 -0.574046 0.60661 -1.05156 -0.228006
0.01 42 0.0884189 0.0320813 -1.38269 -0.346044 0.0584191 1.64319 0.384759 -0.677846 -0.207683 -0.273169 0.430077 0.428443
0.01 38 0.219165 0.0396868 -1.32111 2.25753 0.575642 -2.18479 -1.0581 0.447125 -1.12192 1.04369 -0.132478 -1.34238
0.01 41 -0.21542 0.0287025 -1.41449 -0.479739 -0.364428 0.56415 0.627532 0.0378591 -0.228056 0.898471 0.286958 0.430187
0.01 45 0.19357 -0.0175585 -1.37562 2.06255 0.900035 1.34261 1.21387 -0.951503 -1.24291 0.933468 1.00442 1.61328
0.01 38 -0.0022624 -0.0210893 -1.42033 -2.07208 -1.00183 -1.90939 0.653767 0.61231 -0.346387 -0.252837 0.419883 -0.559433
0.01 39 -0.000165043 0.0786818 -1.38134 -0.55151 -0.74413 1.37048 -1.13326 0.232246 -0.643794 -1.42631 -0.483736 0.882776
0.01 40 -0.0736114 0.0338917 -1.39625 -0.44346 -1.31334 0.353627 -0.57486 1.10256 -0.606773 0.0823889 -0.592527 -0.934574
0.01 40 -0.182284 0.0673359 -1.3807 -0.853623 -1.18706 2.10455 -0.378806 -0.590981 -0.136864 0.427855 -0.445447 0.324568
0.01 38 0.101815 0.0366721 -1.40619 -0.325765 -0.374475 1.09638 -0.15331 0.610345 -0.20011 0.558571 0.171499 -0.521151
0.01 38 0.293617 0.0169133 -1.40421 -1.76435 -1.53057 2.17924 -0.65949 0.882511 -0.728951 -0.339117 -0.8577 -0.373728
0.01 40 -0.0205301 -0.00378425 -1.39148 -0.594655 0.563217 1.65369 -0.101053 -0.384391 -0.0558074 -0.468025 0.0320213 0.275524
0.01 39 0.123736 0.0160494 -1.39139 -0.378785 0.0745672 1.59976 0.347184 -0.778314 -0.24121 -0.255294 0.423359 0.521867
0.01 42 -0.0464085 0.0253936 -1.39045 0.479903 -0.820212 1.75861 0.433496 -0.87235 -0.368756 0.306088 0.138782 0.719025
0.01 39 0.260169 -0.0531952 -1.42249 2.45068 -0.152588 -0.0725197 -0.275155 -0.455411 -0.154023 0.655197 -0.299534 0.0338143
0.01 40 -0.143848 0.0960607 -1.33849 -0.682569 0.88955 1.76064 -0.227773 -0.00966177 -0.0036663 -0.536874 -0.14344 0.0254297
0.01 40 -0.196992 0.121333 -1.33394 -2.15391 -0.408952 -2.44344 0.106694 0.715972 -0.232519 0.534077 0.330125 -0.379797
0.01 40 -0.26242 0.0601831 -1.38497 -1.2629 -0.972395 0.126984 0.814718 0.791385 -0.853303 -0.455234 0.578065 -1.02317
0.01 42 -0.289452 0.0112569 -1.37959 -0.769588 0.708494 1.7002 -0.0484733 -0.266393 -0.021164 -0.469031 0.0151892 0.0891186
0.01 42 -0.258532 0.0572078 -1.38133 -0.751241 -0.738746 1.68456 0.6152 0.481265 -0.408077 -1.12625 -0.340787 -0.78585
0.01 42 -0.212185 0.00532404 -1.39817 -0.464738 0.178831 1.14229 -0.647069 -0.756566 -0.27139 -1.01994 0.147752 0.576117
0.01 40 -0.234176 0.0403744 -1.34221 -3.14144 0.122153 -2.98635 -0.834304 -0.19966 -0.160884 -0.0290053 -0.617588 0.135645
0.001 41 -0.119438 0.0103345 -1.3704 -0.708991 0.89699 1.6702 -0.452613 0.0231907 -0.0398257 -0.327478 -0.313907 0.0578845
0.001 43 -0.0812212 -0.00569819 -1.35468 2.27219 -0.024575 -2.61538 0.618483 -0.555803 -0.354163 0.270397 0.399867 0.566875
0.001 39 0.121762 0.0394974 -1.33098 -0.217369 -0.382586 -2.60424 -0.453364 -0.156919 -0.162661 -0.225281 -0.304451 0.207798
0.001 41 0.0786749 0.0344251 -1.34106 -1.58499 0.806498 -2.54169 -0.446776 -0.0207613 -0.119389 -0.157002 -0.32379 0.0826577
0.001 43 0.259964 -0.0272668 -1.38241 -1.32699 -0.315579 -2.8111 0.0317276 -1.36001 -0.96156 0.163293 -0.331612 1.19291
0.001 43 -0.228457 -0.0352745 -1.36908 1.42477 -0.643665 -2.64882 0.585207 -0.309365 -0.292012 0.269011 0.389326 0.383865
0.001 43 0.120918 0.0554821 -1.3652 1.38032 -1.09606 2.83932 -0.109034 0.284548 -0.0221526 -0.607708 -0.155446 -0.0865371
0.001 42 -0.23021 -0.0106087 -1.40016 -0.141425 1.06772 -2.92832 0.718099 0.106903 -0.352426 -0.704152 0.363808 -0.53169
0.001 40 -0.21086 0.0385448 -1.32489 2.82891 0.289568 2.93138 -0.127597 0.82879 -0.263557 -0.140594 -0.221469 -0.65058
0.001 42 0.118297 0.00815917 -1.34739 2.4735 0.0163923 -2.7104 0.769268 -0.260586 -0.219052 0.438862 0.480904 0.397581
0.001 40 0.206874 0.0178983 -1.37141 0.775351 -0.428838 -2.5787 -0.262146 -0.581619 -0.214257 -0.139173 -0.156567 0.480301
0.001 43 -0.211399 -0.0210763 -1.3861 1.17465 -1.1659 2.75627 0.0945241 0.359693 -0.0747651 -0.3022 -0.0222578 -0.318846
0.001 43 0.201372 -0.0111964 -1.37463 -1.20119 -0.191627 -2.74543 0.098086 -1.27201 -0.788949 0.208953 -0.226257 1.08906
0.001 40 -0.0167096 -0.0334134 -1.40414 -2.17594 0.53478 -1.96645 0.21832 -0.339237 -0.0494527 0.354496 0.0748808 0.283254
0.001 42 0.00628153 0.0210957 -1.36651 1.26996 -1.07403 3.00959 0.00830576 0.33861 -0.0438276 -0.622146 -0.139385 -0.212135
0.001 43 -0.0765255 0.015006 -1.34521 1.81936 -0.65191 -2.83007 0.673928 -0.0331907 -0.241258 0.287171 0.493146 0.186951
0.001 42 -0.212859 0.0230009 -1.36674 -1.19848 -0.666024 2.91679 0.151023 0.137457 -0.037484 0.613639 0.116973 0.0663652
0.001 41 0.110116 -0.0162355 -1.38704 0.220305 0.571732 2.57678 0.121121 -0.239828 -0.00866334 -0.447799 0.150322 0.149823
0.001 43 0.311448 -0.00497966 -1.35481 -0.279382 1.01794 2.94123 0.145951 0.866785 -0.289957 -0.0560591 0.0990682 -0.668054
0.001 41 0.0200805 -0.036745 -1.38061 -0.543377 0.927284 2.60199 0.14965 0.610689 -0.175051 0.0800432 0.171081 -0.439
0.001 41 0.144113 -0.00238878 -1.36212 -0.470244 -0.0144895 2.26951 0.764469 -0.291555 -0.187565 0.103717 0.561812 0.264787
0.001 41 -0.015436 -0.0256695 -1.38741 -0.269288 1.05027 2.60414 -0.226627 0.0584578 -0.0167923 -0.453722 -0.173828 0.0276686
0.001 39 0.261947 -0.0597785 -1.38861 -0.138581 -0.494978 -2.89093 -0.33494 -0.443637 -0.171376 0.0711349 -0.269993 0.285241
0.001 40 -0.116282 0.0521064 -1.32742 -1.38461 0.898324 2.1523 0.134013 0.401531 -0.0784232 0.37044 0.182554 -0.198518
0.001 39 -0.190708 0.0575402 -1.36866 -0.101683 0.05081 0.382707 0.0160201 -0.0772716 -0.0204961 -0.0337465 0.0154979 0.0621959
0.001 40 -0.275266 0.0666695 -1.35892 -2.8781 0.643358 -2.75523 -0.107463 -0.315823 -0.0274324 0.164196 -0.126143 0.25162
0.001 41 -0.283498 -0.0127915 -1.37867 -1.26383 -0.275353 -2.78347 0.291287 -1.20183 -0.885689 0.263475 -0.0565085 1.22664
0.001 41 -0.230136 -0.0224244 -1.37855 0.791334 -0.45629 -1.77271 -0.3139 -0.218368 -0.00663431 -0.161644 -0.201756 0.167976
0.001 38 -0.187731 -0.0101109 -1.4055 1.89303 -0.951577 -1.73209 -0.64037 -0.0885745 -0.0464103 -0.0927337 -0.444406 0.0811801
0.001 34 -0.244913 -0.00274061 -1.36728 3.08626 0.715625 2.83098 0.0614791 0.371976 -0.0733803 -0.24438 -0.0256919 -0.31478
0.0001 34 -0.147906 0.00724644 -1.41106 -1.22713 0.376052 -0.343348 -0.242854 -0.0882342 -0.00397926 0.0606577 -0.181437 0.0622038
0.0001 34 -0.0959164 -0.0012896 -1.4215 1.84061 -0.266323 0.062926 -0.271691 -0.281712 -0.0364497 0.170947 -0.22915 0.17914
0.0001 31 0.128587 0.0485074 -1.38735 3.07863 0.0967762 -0.324586 0.205597 -0.11776 -0.0154364 -0.0886139 0.165913 0.085697
0.0001 32 0.0876626 0.0654175 -1.3896 -1.52169 0.0340802 0.292979 0.365584 -0.485272 -0.140932 0.328537 0.136365 0.400923
0.0001 32 0.257566 -0.00274541 -1.43507 -1.05635 0.299317 -0.00126569 -0.190839 -0.237782 -0.0604152 -0.0386957 -0.134005 0.172762
0.0001 33 -0.23947 -0.0126763 -1.42303 0.883813 -0.13871 0.250217 -0.252049 -0.221501 -0.00071699 0.158694 -0.202602 0.153025
0.0001 33 0.133433 0.069468 -1.38795 0.545207 -0.0172438 0.364954 -0.292739 -0.208376 -0.0895744 0.124277 -0.240356 0.108294
0.0001 36 -0.251503 -0.0212987 -1.4249 -1.09291 0.300711 0.159585 -0.0729357 -0.117296 0.00548182 0.0951853 -0.0593131 0.102261
0.0001 33 -0.203903 0.0583246 -1.39739 -2.84217 0.0296915 -0.499823 -0.0362777 0.0434125 0.00664877 -0.239187 -0.0300477 -0.0633948
0.0001 39 0.113301 0.00989775 -1.41467 2.82269 -0.175732 -0.391541 0.208211 0.0333093 0.000896908 -0.349677 0.144396 -0.0438877
0.0001 33 0.207979 0.0343877 -1.41096 -2.20469 0.309034 -0.336945 -0.0228595 0.0678505 -0.00345626 -0.214646 -0.0246183 -0.0158199
0.0001 35 -0.205745 -0.00424954 -1.42259 0.419697 0.0319309 0.386967 -0.32343 -0.141976 -4.3184e-05 0.0794997 -0.23399 0.0896215
0.0001 36 0.196215 0.00133272 -1.41623 -0.536186 0.370458 -0.0780789 -0.343611 -0.265405 -0.127066 -0.448719 -0.134283 0.347697
0.0001 33 -0.00895393 -0.029837 -1.44112 -1.57759 0.556068 0.043036 0.159363 0.161199 -0.0212543 -0.173005 0.080038 -0.132599
0.0001 35 0.0088468 0.0348912 -1.404 0.474237 0.0187827 0.360601 -0.336996 -0.214693 -0.0678542 0.158406 -0.270546 0.110054
0.0001 36 -0.0881716 0.0370672 -1.39279 -1.76609 0.498768 -0.688792 -0.371619 0.036908 -0.0367822 0.060662 -0.270813 -0.0364557
0.0001 34 -0.214717 0.0150633 -1.40781 -1.11718 0.320643 0.165386 -0.0419531 -0.0852927 1.41147e-06 0.0733799 -0.0357016 0.0772656
0.0001 33 0.110628 -0.0105436 -1.42436 0.00864167 0.25057 0.405318 -0.475676 -0.12476 -0.128712 0.209615 -0.351937 -0.00111134
0.0001 35 0.278992 0.0158381 -1.41288 1.72167 -0.255605 -0.0919595 -0.0155375 -0.291617 -0.040331 0.202064 -0.0558726 0.161686
0.0001 36 -0.0103563 -0.0160879 -1.44071 2.07381 -0.377753 0.0738856 -0.268827 -0.148476 -0.0211505 -0.201052 -0.16862 0.133734
0.0001 36 0.15381 0.000544274 -1.41791 2.55513 -0.202002 -0.453552 0.226506 0.0657382 -0.000380334 -0.106203 0.163045 -0.0524955
0.0001 39 -0.0241445 -0.0240379 -1.42615 -0.481289 0.148015 0.319642 -0.0431929 -0.135142 -0.00532705 0.10957 -0.0378956 0.101934
0.0001 35 0.255813 -0.0469235 -1.44062 -2.95231 0.0785974 -0.444695 0.0801304 0.0874252 0.00173447 -0.138255 0.0412194 -0.045227
0.0001 35 -0.13814 0.0735225 -1.38084 0.968828 -0.203702 0.139768 -0.241902 -0.173585 -0.0228474 0.72043 -0.276878 0.0373396
0.0001 36 -0.190551 0.0735908 -1.38518 -0.351525 0.371074 0.40842 -0.401186 0.0813309 -0.00432829 0.240729 -0.279694 -0.0965864
0.0001 35 -0.278181 0.0652072 -1.39008 0.404639 -0.0303092 0.267217 -0.0754156 -0.257214 -0.0234004 -0.0711406 -0.0422604 0.179056
0.0001 37 -0.290078 0.00447657 -1.42285 1.47076 -0.46246 0.139657 -0.305871 0.101981 0.022471 0.254937 -0.192947 -0.0784755
0.0001 36 -0.253556 0.012023 -1.41307 0.7626 -0.254919 0.530275 -0.141641 0.103912 0.009957 -0.199803 -0.11889 -0.0888759
0.0001 37 -0.214576 -0.018799 -1.42476 -1.03795 0.49735 -0.383159 -0.42077 -0.0364587 -0.00493482 -0.0375502 -0.296244 0.0306728
0.0001 36 -0.245322 0.0188955 -1.40976 -0.485365 0.428864 0.406791 -0.591917 0.109741 -0.033227 0.492032 -0.359824 -0.192526
1e-05 40 -0.142537 0.0118399 -1.42347 2.49127 -0.584577 -0.227806 -0.247914 0.22766 -0.00970457 -0.321148 -0.218375 -0.131709
1e-05 42 -0.0916507 -0.00606515 -1.42093 2.43259 -0.266413 -0.27465 0.165202 -0.117388 -0.0278847 -0.293298 0.137552 0.032649
1e-05 41 0.135759 0.0963992 -1.32727 -0.20006 0.0342177 1.63771 -0.0583185 -0.0841185 -0.0111355 -0.00217057 -0.0429565 0.0653433
1e-05 42 0.0900271 0.0209247 -1.35368 -1.69221 0.979907 -2.76125 0.0384381 -0.0459916 -0.00031721 0.0151611 0.0268811 0.0337628
1e-05 43 0.270642 -0.0153024 -1.42262 -1.5708 0.643501 0 -0.0313891 0.045305 -0.00603859 0.0135181 -0.0219357 -0.0325494
1e-05 41 -0.23947 -0.0126763 -1.42303 0.883813 -0.13871 0.250217 -0.233876 -0.204864 -0.000432281 0.135093 -0.18392 0.143971
1e-05 42 0.124473 0.0764432 -1.3915 0.671852 -0.306287 0.358449 0.0172002 0.0388271 0.00171038 -0.0160602 0.00599089 -0.0339056
1e-05 43 -0.238333 -0.0414129 -1.38858 1.56656 -0.561439 -2.76667 0.0199853 -0.115698 -0.00789888 -0.0279989 0.0162547 0.077639
1e-05 40 -0.196806 0.0701603 -1.39115 -2.93366 0.237568 -0.781235 0.0258784 0.0589176 -0.00234712 -0.101001 0.017251 -0.0597761
1e-05 41 0.113301 0.00989775 -1.41467 2.82269 -0.175732 -0.391541 0.0466396 0.00607943 0.000655623 -0.144959 0.0377533 0.0045262
1e-05 39 0.211175 0.03911 -1.40903 -2.42746 0.418735 -0.470495 -0.0250809 0.255922 -0.0273815 -0.0387437 -0.029078 -0.184511
1e-05 42 -0.222748 0.00214615 -1.41825 -1.80387 0.648121 -0.58818 -0.0891949 -0.0320103 0.0085279 0.118096 -0.067825 0.0305419
1e-05 40 0.199412 0.00449107 -1.42214 -0.53591 0.45731 0.0422095 -0.0703819 0.0280244 -0.0119058 -0.0354934 -0.0518932 -0.0140892
1e-05 41 -0.0204638 -0.0591196 -1.40759 2.15917 -0.800611 2.12055 -0.0135269 -0.00974233 0.000725516 0.0109817 -0.00921223 0.00676562
1e-05 41 0.00546809 0.0352621 -1.40715 0.689319 -0.236436 0.145542 0.136875 -0.241055 -0.0348598 0.0115051 0.092918 0.170446
1e-05 44 -0.0705317 -0.00103678 -1.37516 0.619934 0.47108 -2.16061 0.0196548 -0.0263004 -0.00237135 -0.010044 0.0145453 0.0180063
1e-05 41 -0.235653 -0.0048067 -1.3852 -1.01027 0.773073 -2.09825 0.0185411 0.0480176 -0.0016023 0.036594 0.0134939 -0.0292429
1e-05 39 0.110326 -0.0172955 -1.43264 0.0350672 0.0397343 0.563469 -0.230355 0.146655 -0.0450435 0.204525 -0.136101 -0.146513
1e-05 42 0.27481 -0.00348319 -1.41853 0.427491 0.278592 0.0248327 -0.0434518 0.0231815 -0.00962194 0.00640616 -0.0320721 -0.0180489
1e-05 40 -0.00940088 -0.0264916 -1.43695 2.26134 -0.451779 -0.214179 0.0353044 0.0770136 -0.00181273 -0.289479 0.00387033 -0.0567942
1e-05 43 0.155787 -0.00565235 -1.38655 2.84174 -1.37461 3.08092 0.060881 0.0375502 0.00563978 -0.0190222 0.0433009 -0.0274639
1e-05 42 -0.0260703 -0.00921629 -1.42892 0 -0 0 0.0275122 -0.0146975 -8.78772e-05 -0.0136467 0.018928 0.00965562
1e-05 40 0.253038 -0.050441 -1.44704 2.54695 0.106959 -0.58825 0.128597 -0.0987782 0.0142849 0.0840447 0.0870316 0.0631002
1e-05 40 -0.142876 0.06995 -1.3859 2.06389 -0.36896 -0.152959 0.104829 -0.0856702 -0.0250785 -0.278908 0.104194 0.0146178
1e-05 40 -0.196028 0.0770138 -1.38721 -0.154356 -0.146388 0.395088 0.25261 -0.112644 -0.0723075 0.031284 0.178999 0.085514
1e-05 39 -0.278325 0.0644558 -1.39434 0.271121 -0.0509671 0.30562 -0.0483554 -0.155914 -0.00553012 0.0325551 -0.043684 0.121001
1e-05 42 -0.290078 0.00447657 -1.42285 1.47076 -0.46246 0.139657 -0.128714 0.0678188 0.0148614 -0.00145819 -0.0890495 -0.0528484
1e-05 43 -0.245485 0.0073924 -1.42214 -2.7039 0.00933971 0.0273319 -0.0505068 0.0521843 0.00877636 0.0578774 -0.0343927 -0.0294924
1e-05 41 -0.208406 -0.0510587 -1.39938 -0.748523 0.819559 -2.61353 0.108948 0.0093948 -0.0186714 -0.0513573 0.0783351 -0.0191249
1e-05 39 -0.242105 0.0170749 -1.41941 -0.17504 -0.242095 0.441894 0.366409 0.0141914 -0.114518 0.123261 0.2654 0.0393925
1e-06 42 -0.159539 0.0445196 -1.36469 0.361064 0.533773 1.41572 -0.0186222 0.00848876 0.00181001 -0.00297787 -0.0141169 -0.00536018
1e-06 45 -0.0997407 -0.0157554 -1.37402 0.444917 -0.648856 -2.90786 -0.00331466 0.000136207 0.000762697 -0.00642354 -0.00262613 -0.00113294
1e-06 39 0.127733 0.0440897 -1.3958 0.638194 0.0111842 -0.106273 -0.00037526 -0.000150326 0.00132084 -0.00131453 -0.000464334 0.000136159
1e-06 43 0.0809179 0.0842169 -1.34393 -2.20369 0.434015 -2.54876 0.0209347 -0.00864637 0.000584341 -0.00863806 0.0156047 0.00648538
1e-06 45 0.260299 -0.0110235 -1.37325 -2.08138 0.588574 -2.7993 -0.00288166 0.00694827 0.000140735 0.00797682 -0.00180363 -0.00652611
1e-06 45 -0.235197 0.00517436 -1.37582 2.40994 0.826768 -2.52897 -0.00349102 -0.00931944 0.000835076 0.00709505 -0.00268282 0.00663406
1e-06 45 0.144264 0.0778022 -1.34058 -0.178324 -0.853302 2.6101 -0.0198314 -0.00987672 -0.00208583 0.000344355 -0.0152381 0.00804251
1e-06 42 -0.2477 -0.00892329 -1.42952 -1.48276 0.292624 0.517128 0.0156882 -0.0133581 -0.00132191 -0.00207321 0.0110487 0.00921649
1e-06 40 -0.199027 0.0941779 -1.33449 -0.115452 -0.541503 1.59388 -0.0213062 -0.0223105 0.00193473 0.0143392 -0.0168019 0.0187056
1e-06 42 0.0882446 0.0157706 -1.40975 -3.04892 -0.467852 -0.540314 0.0154225 -0.00436646 0.00187079 -0.0173087 0.0117901 0.00462331
1e-06 38 0.211175 0.03911 -1.40903 -2.42746 0.418735 -0.470495 -0.00970177 -0.0101538 -0.00209618 0.0131191 -0.00785287 0.00545119
1e-06 42 -0.197828 -0.00598602 -1.36991 1.69453 -0.817489 -2.37652 -0.0266277 0.0036709 0.00246686 0.0191393 -0.0183317 -0.00105818
1e-06 39 0.199412 0.00449107 -1.42214 -0.53591 0.45731 0.0422095 -0.0149657 -0.00162969 -0.000173737 0.0036033 -0.0102522 0.000547541
1e-06 38 0.00318683 -0.0473589 -1.44183 -1.82944 0.356251 0.0537542 0.00897963 -0.00776194 0.000786682 7.83846e-06 0.00649411 0.00527864
1e-06 41 -0.00415146 0.0377376 -1.40496 -1.60134 0.558247 -0.343092 0.00214778 0.0197496 0.000579362 0.00635421 0.000843513 -0.0146937
1e-06 44 -0.111074 0.0454204 -1.38752 0.180286 0.718788 0.575943 -0.0032242 0.00289195 0.000436615 -0.00406126 -0.00196714 -0.00266508
1e-06 40 -0.219607 0.0196453 -1.40723 -0.767748 0.341801 -0.0532654 0.00850057 0.00367928 -0.00222003 0.0117982 0.00581868 -0.000378568
1e-06 42 0.10132 -0.0153922 -1.37084 -1.46953 -0.0667614 -2.59025 0.000372189 0.00277315 -0.000656658 -0.000540769 -9.19279e-05 -0.00198012
1e-06 42 0.27481 -0.00348319 -1.41853 0.427491 0.278592 0.0248327 -0.00973329 0.00331326 -0.00221114 0.0015172 -0.00729142 -0.00292405
1e-06 41 0.0105125 -0.0371397 -1.40072 -0.309382 -0.224517 -0.923175 0.00720311 -0.00444504 -0.000386614 -0.00111027 0.00525409 0.00348804
1e-06 40 0.151245 -0.0122159 -1.38075 -2.40588 -0.778265 1.49587 0.00621119 -0.0153132 0.000766276 -0.0063013 0.00389749 0.0114084
1e-06 41 -0.0566511 -0.00426875 -1.38259 -2.28537 -0.470624 -2.18501 0.00610519 -0.0123486 -0.000158732 -0.00446891 0.00436724 0.00854869
1e-06 39 0.226563 -0.0217713 -1.37539 0.797895 0.361332 1.62473 -0.0121193 0.0117614 -0.00160482 -0.00257999 -0.00895893 -0.00844022
1e-06 39 -0.142876 0.06995 -1.3859 2.06389 -0.36896 -0.152959 0.0122307 0.00762341 -0.000512672 -0.0113942 0.0101638 -0.00663308
1e-06 40 -0.178747 0.0549194 -1.33942 3.10179 0.0239478 2.93727 -0.0039093 0.00132599 0.00175508 0.00357343 -0.00415273 -0.000667691
1e-06 39 -0.273666 0.036787 -1.35646 -1.02215 1.55221 3.09413 0.00260421 -0.00173863 -0.00111467 -0.000438154 0.00147674 0.00181605
1e-06 40 -0.299239 -0.0279426 -1.38858 -2.05563 -1.21975 -2.43439 0.0125392 0.0136165 -0.00244813 -0.0146445 0.00854033 -0.012992
1e-06 39 -0.25353 0.0109754 -1.42157 0.904402 -0.418845 0.693072 -0.00435559 0.00354432 0.000877734 -0.000680476 -0.00352446 -0.00270246
1e-06 41 -0.20204 -0.0270657 -1.42745 -2.40004 0.615227 0.390012 -0.00548801 -0.0135083 -2.33418e-05 -0.00622658 -0.00382085 0.0086773
1e-06 40 -0.212347 0.0102413 -1.37175 0.234039 -0.105282 -2.6285 0.00168268 0.0225957 0.000244759 0.00123598 0.00135057 -0.0161246
1e-07 40 -0.159539 0.0445196 -1.36469 0.361064 0.533773 1.41572 0.0248633 -0.00453434 -0.00277546 0.0112656 0.0188576 0.00472213
1e-07 45 -0.112364 0.0243551 -1.36904 -2.55341 -0.813613 -0.925899 -0.0076131 0.00191269 0.000454409 -0.00344437 -0.0053095 -0.00145246
1e-07 39 0.103175 0.0677255 -1.30692 -0.51497 0.0200431 -3.06378 -0.0149702 0.00361939 0.000351034 0.00773594 -0.0112694 -0.00307938
1e-07 43 0.0681918 0.0806988 -1.33769 -2.72611 -1.30191 -0.931684 0.0167482 -0.00299997 0.00142334 -0.0149325 0.0126518 0.0042041
1e-07 49 0.257441 0.00231192 -1.3812 -2.31414 -0.168355 -0.0216004 0.00662124 0.00171621 0.00172012 0.00110783 0.00490746 -0.000851074
1e-07 43 -0.227282 0.0101253 -1.38035 2.55211 -0.709187 -2.22015 0.0253613 0.00671334 -0.00290924 -0.00821431 0.0171615 -0.00706282
1e-07 40 0.136102 0.064435 -1.39288 -1.35135 0.672936 -0.207889 -0.00801617 0.00331706 -0.00101789 0.0024969 -0.00609596 -0.00270692
1e-07 40 -0.252918 -0.00719064 -1.43259 2.20388 0.0754855 0.191722 -0.00284515 -0.0130502 0.00068739 -0.00384716 -0.0022845 0.00887846
1e-07 39 -0.181876 0.0653702 -1.36057 2.72662 0.179161 -1.36131 0.00724759 0.00614654 -0.00136209 0.00373354 0.00550231 -0.00305462
1e-07 42 0.132868 0.0441817 -1.38314 3.12205 0.135505 -0.629354 -0.0258154 -0.00947475 -0.00127847 0.0226965 -0.0193363 0.00421545
1e-07 40 0.194887 0.0231194 -1.38385 -0.290751 -0.82344 -1.56552 -0.00129938 -0.00191194 0.000537349 0.00172299 -0.000463645 0.000647485
1e-07 41 -0.201412 0.00474068 -1.40817 -2.4237 0.761159 -1.29739 -0.0201715 0.0207265 0.00225948 0.0218765 -0.0131523 -0.0124915
1e-07 40 0.230522 0.0234101 -1.41611 1.33037 -0.840906 -1.09493 -0.00449571 -0.00481599 -0.00152892 -0.00535194 -0.00273852 0.00464363
1e-07 39 -0.0114543 -0.0547112 -1.41189 -1.60815 0.632346 -1.67802 0.00999151 0.00485968 0.000369849 -0.00151269 0.00724793 -0.00340942
1e-07 40 0.00115538 0.0453709 -1.3976 1.45814 -0.650312 -0.408947 -0.000739478 -0.00121856 -0.000684541 -0.00231777 -0.000520393 0.000746896
1e-07 33 -0.134913 0.0415771 -1.39584 1.90845 0.343116 1.15462 -0.00339566 0.018572 0.000885347 -0.00695176 -0.00229834 -0.0138834
1e-07 34 -0.18482 0.0328657 -1.36887 1.98064 -0.294414 -1.66929 -0.0212095 -0.00123126 0.00313296 -0.000288156 -0.015556 0.000943413
1e-07 33 0.100009 0.0138168 -1.41019 -2.37086 -0.00121254 -0.667832 0.00546337 0.000553093 0.00118247 -0.00596362 0.00393297 0.000124805
1e-07 32 0.300986 0.0116714 -1.38507 -1.0377 0.505254 1.73091 -0.00813438 -0.0119125 -0.00287188 0.00944646 -0.00600057 0.0067631
1e-07 32 -0.0125208 -0.0144505 -1.40617 -1.31279 0.377856 -0.403636 0.000543147 0.000806605 -0.000526274 0.000514034 0.000550299 -0.000946976
1e-07 33 0.136443 -0.0154526 -1.39406 -3.04782 -0.650341 0.57771 0.0133397 0.00842219 0.00142523 -0.00269067 0.00865459 -0.00483163
1e-07 32 0.00839087 -0.0210456 -1.39517 0.934232 0.833171 -2.74763 0.00353718 0.00188597 -3.74815e-05 0.00095323 0.00229161 -0.00125538
1e-07 31 0.264074 -0.0276394 -1.41601 -2.18161 0.187544 -0.651137 0.00489059 0.00561399 0.000664192 -0.00590195 0.00396362 -0.00311674
1e-07 30 -0.128736 0.0562484 -1.35024 -1.42003 -0.560203 -2.91715 -0.000479595 0.0108385 0.00207296 -0.00366297 0.000150592 -0.0085386
1e-07 32 -0.178747 0.0549194 -1.33942 3.10179 0.0239478 2.93727 0.0138692 -0.00770707 -0.000143997 -0.0132601 0.00949406 0.00412635
1e-07 31 -0.289115 0.0377524 -1.36283 3.01847 1.03665 2.17826 0.00343786 -0.0055273 -0.00115689 0.0038905 0.00301244 0.00519911
1e-07 32 -0.279659 -0.00186338 -1.41742 -0.64121 0.226473 -0.360001 0.00717651 0.00232729 -0.00114926 -0.00317713 0.00557426 -0.00260244
1e-07 33 -0.2765 0.0234865 -1.37753 0.646002 -0.00504751 1.36408 0.00508853 -0.00646917 -0.000799379 -0.00190411 0.00399687 0.00523876
1e-07 32 -0.20204 -0.0270657 -1.42745 -2.40004 0.615227 0.390012 0.00443414 0.000563534 -0.000551168 0.00233692 0.00315993 -0.00061744
1e-07 30 -0.237909 -0.0271176 -1.39239 0.292675 -0.45132 -1.28507 0.00294367 -0.00613016 -0.00132449 -0.00385055 0.00273901 0.00424425
1e-08 31 -0.131942 0.00529788 -1.39373 -0.806752 0.874072 -2.2576 6.9201e-05 4.01568e-05 -2.15769e-05 0 -0 0
1e-08 34 -0.0951449 0.0114967 -1.38998 -2.57685 -0.921997 -2.61406 -4.42266e-05 -3.92809e-05 2.26498e-05 0 -0 0
1e-08 31 0.121602 0.074939 -1.33968 1.49172 -0.05213 2.04898 4.00543e-05 7.80448e-05 -4.26769e-05 0 -0 0
1e-08 33 0.094398 0.0820781 -1.3437 1.40221 1.03256 -3.00196 2.22474e-05 1.30087e-05 -9.19104e-05 0 -0 0
1e-08 33 0.249386 -0.0205028 -1.42178 -0.0720851 1.15722 -0.199083 0.0138588 0.00950633 0.00258251 0.0113912 0.00993606 -0.00917982
1e-08 33 -0.212269 -0.0409364 -1.39747 -0.377529 -1.31251 -0.784148 5.0962e-05 -1.69761e-05 -6.84261e-05 0 -0 0
1e-08 35 0.14559 0.0645499 -1.32315 -0.87517 0.330453 2.13149 -1.40816e-05 1.31428e-05 -5.03063e-05 0 -0 0
1e-08 33 -0.202856 0.0236345 -1.39553 -1.19508 -1.20242 1.08262 -6.4522e-05 2.46428e-06 5.60284e-05 0 -0 0
1e-08 30 -0.214156 0.0606162 -1.33588 1.35751 -0.346563 -2.95302 3.80725e-05 -5.10439e-05 -3.96967e-05 0 -0 0
1e-08 33 0.130472 0.0239724 -1.38802 -0.711905 -0.684966 1.22834 -0.00290252 -0.00440609 -0.000161886 0.000548925 -0.00209219 0.00312745
1e-08 32 0.253017 0.0202198 -1.39476 1.47117 -0.136603 -0.926481 7.8097e-05 -2.90535e-05 -4.47035e-05 0 -0 0
1e-08 33 -0.199998 -0.0280965 -1.3937 -1.87884 -0.905091 1.46975 -2.07126e-06 -7.08178e-05 9.53674e-06 0 -0 0
1e-08 32 0.224357 -0.0209703 -1.38988 -1.12397 -0.157635 0.681214 2.88934e-05 6.91414e-06 -4.1008e-05 0 -0 0
1e-08 32 -0.00397901 -0.0244545 -1.42979 0.285136 0.835132 0.622633 2.44081e-05 7.5195e-06 -3.23057e-05 0 -0 0
1e-08 34 -0.00364812 0.0203555 -1.35263 -0.357668 0.0550964 -3.1209 6.30282e-05 -5.49685e-05 -3.15905e-05 0 -0 0
1e-08 33 -0.119205 0.0634542 -1.43339 2.34315 -0.403854 -0.577954 -3.92869e-05 2.68631e-05 3.17097e-05 0 -0 0
1e-08 36 -0.208304 0.04414 -1.34714 1.23235 0.874793 -2.86475 -1.9595e-05 -5.72689e-05 1.43051e-05 0 -0 0
1e-08 33 0.119513 -0.0067215 -1.37807 2.25565 -0.825934 -2.60174 3.25292e-05 -6.6598e-06 -2.7895e-05 0 -0 0
1e-08 32 0.297287 -0.0180802 -1.39072 0.6056 0.305316 -0.615257 6.79493e-05 -1.05295e-05 -4.79221e-05 0 -0 0
1e-08 32 0.00489368 -0.0428274 -1.41628 -3.10039 1.1722 1.38133 -6.7452e-05 1.32816e-05 2.43187e-05 0 -0 0
1e-08 32 0.15737 0.00846503 -1.40645 2.21693 0.297982 -0.218197 2.32756e-05 -6.10339e-05 -2.22921e-05 0 -0 0
1e-08 38 -0.0284784 0.0331162 -1.38084 -0.318104 0.0675322 2.92832 1.63866e-05 -1.99731e-05 -1.32322e-05 0 -0 0
1e-08 37 0.280954 -0.0405619 -1.39074 0.899239 -0.0753925 3.13265 -6.98864e-06 -6.91786e-06 -6.78301e-05 0 -0 0
1e-08 39 -0.134404 0.0964053 -1.33002 -1.8101 0.148166 -2.95445 -2.9631e-05 2.56896e-05 7.82013e-05 0 -0 0
1e-08 38 -0.186974 0.0592473 -1.35161 0.245642 -0.874924 -2.79008 -3.90112e-05 -5.33611e-05 -3.99351e-05 0 -0 0
1e-08 39 -0.231885 0.0770947 -1.3619 2.89307 1.24927 -0.196474 3.86238e-05 -3.89144e-05 -5.78165e-05 0 -0 0
1e-08 40 -0.287936 -0.015264 -1.42616 0.0647423 -1.03141 -1.01634 4.825e-05 -8.20663e-05 -1.40667e-05 0 -0 0
1e-08 39 -0.263267 -0.0272418 -1.38865 -0.914012 -1.05911 -1.82692 7.23749e-05 -4.90141e-05 -2.92063e-05 0 -0 0
1e-08 40 -0.191528 0.0155984 -1.39035 -1.70149 0.987779 0.720222 -5.13196e-05 4.62309e-05 -5.20945e-05 0 -0 0
1e-08 38 -0.246288 -0.00598191 -1.35549 -0.155033 -0.354675 -3.04871 8.72761e-05 3.05772e-05 1.23978e-05 0 -0 0
