0.0810314 0.041
0.0333533 0.046
0.0671614 0.041
0.0670935 0.042
0.0527545 0.044
0.0479564 0.043
0.0332649 0.042
0.0656929 0.042
0.0492383 0.046
0.0483029 0.043
0.0338238 0.043
0.0722764 0.043
0.0341642 0.044
0.0337487 0.046
0.0336128 0.043
0.169952 0.042
0.0483788 0.048
0.076027 0.043
0.0919528 0.042
0.0713091 0.04
0.109133 0.047
0.0648431 0.044
0.0525106 0.047
0.0629858 0.052
0.0645383 0.047
0.0334028 0.047
0.0337642 0.042
0.0634337 0.043
0.0668312 0.043
0.0334254 0.045
0.0640826 0.045
0.0334068 0.048
0.0673066 0.048
0.0670891 0.045
0.0527515 0.056
0.0336402 0.052
0.0332689 0.051
0.0336463 0.046
0.0492437 0.048
0.0482938 0.048
0.142222 0.05
0.0333339 0.048
0.0342205 0.052
0.048259 0.05
0.0336222 0.05
0.0656648 0.05
0.0723474 0.051
0.0340572 0.048
0.0346699 0.05
0.0711558 0.045
0.0339937 0.05
0.0688477 0.053
0.0340973 0.05
0.0330919 0.05
0.0645249 0.05
0.0492052 0.049
0.0563159 0.047
0.0337919 0.049
0.0675305 0.048
0.0334505 0.049
0.0337681 0.052
0.0335096 0.051
0.033504 0.051
0.0334037 0.05
0.0342362 0.049
0.0599836 0.049
0.0332853 0.052
0.0642975 0.05
0.0491915 0.051
0.0483149 0.05
0.0337874 0.05
0.0333784 0.05
0.0343388 0.054
0.0614283 0.051
0.0337259 0.052
0.0333443 0.047
0.0723215 0.052
0.0340692 0.05
0.0807275 0.052
0.0724314 0.051
0.108678 0.053
0.064817 0.049
0.114581 0.046
0.0330609 0.056
0.0724622 0.053
0.068481 0.056
0.0486488 0.049
0.0338015 0.052
0.0557107 0.051
0.048236 0.054
0.0337851 0.051
0.0334758 0.054
0.0672666 0.05
0.0334486 0.052
0.0734276 0.054
0.0336363 0.051
0.0711922 0.051
0.0712276 0.052
0.0492308 0.053
0.05215 0.048
0.0709096 0.053
0.0333957 0.053
0.0342296 0.05
0.033824 0.051
0.0337603 0.056
0.0334012 0.053
0.0638069 0.057
0.034101 0.052
0.0726701 0.053
0.0894689 0.053
0.0850981 0.054
0.0810444 0.053
0.0529332 0.052
0.0569734 0.054
0.084392 0.057
0.0686157 0.055
0.0694655 0.053
0.0486492 0.055
0.0482331 0.053
0.0482623 0.052
0.0548466 0.052
0.033389 0.053
0.0814806 0.054
0.0332421 0.054
0.0731867 0.054
0.0961459 0.054
0.0821322 0.051
0.0563265 0.055
0.0727561 0.054
0.0637086 0.054
0.0339834 0.055
0.0849757 0.053
0.0521535 0.054
0.0871667 0.055
0.0336851 0.054
0.0480882 0.054
0.0740144 0.057
0.0480596 0.053
0.0825833 0.052
0.0865278 0.055
0.11021 0.052
0.0743285 0.057
0.0632095 0.054
0.0723145 0.054
0.0654027 0.057
0.0334441 0.056
0.0485134 0.05
0.033876 0.055
0.055675 0.054
0.0482809 0.054
0.0818 0.051
0.0334326 0.055
0.0600207 0.055
0.0333789 0.056
0.0342361 0.056
0.0336566 0.054
0.0333066 0.056
0.0711116 0.051
0.0565096 0.055
0.048326 0.053
0.0679272 0.052
0.072492 0.055
0.0720546 0.053
0.0339122 0.052
0.0636628 0.055
0.0693414 0.055
0.0335044 0.059
0.0340857 0.053
0.0739956 0.057
0.0934539 0.052
0.0341829 0.053
0.0552494 0.055
0.0634315 0.053
0.0495414 0.054
0.0854363 0.054
0.0685195 0.054
0.0783315 0.054
0.0339467 0.054
0.117388 0.055
0.048284 0.054
0.0480307 0.056
0.033476 0.058
0.081459 0.056
0.0332805 0.057
0.0342778 0.056
0.0336142 0.053
0.068723 0.056
0.064407 0.053
0.0490643 0.052
0.0658296 0.053
0.0338639 0.057
0.0846492 0.055
0.0521415 0.052
0.033779 0.052
0.0506818 0.054
0.0333414 0.055
0.0335283 0.055
0.0341967 0.06
0.0346836 0.055
0.0718725 0.054
0.0341879 0.058
0.0660954 0.051
0.114025 0.053
0.0715627 0.054
0.0649277 0.054
0.0674226 0.055
0.0486593 0.055
0.0559366 0.054
0.0764233 0.054
0.0334568 0.054
0.0713663 0.054
0.0551807 0.057
0.0334694 0.052
0.0694869 0.05
0.0906199 0.054
0.0607057 0.054
0.0730326 0.054
0.0650868 0.054
0.0728592 0.051
0.0725604 0.055
0.0560537 0.056
0.0642773 0.05
0.0342458 0.056
0.0339305 0.053
0.150163 0.056
0.0644421 0.054
0.0638721 0.057
0.0341988 0.054
0.0347116 0.056
0.0483416 0.054
0.0677034 0.056
0.0554416 0.054
0.0343086 0.056
0.0488034 0.055
0.0652175 0.055
0.0683955 0.058
0.1359 0.051
0.0715774 0.057
0.0339483 0.052
0.0542817 0.052
0.0819773 0.053
0.0859664 0.052
0.0619663 0.055
0.0334833 0.054
0.0341118 0.056
0.218195 0.058
0.0835511 0.053
0.0337704 0.054
0.0494515 0.056
0.0523275 0.056
0.0673838 0.052
0.0848612 0.055
0.0727597 0.055
0.0533379 0.055
0.033684 0.057
0.0334681 0.055
0.0744864 0.059
0.0613694 0.053
0.0738916 0.051
0.0547462 0.055
0.0680266 0.057
0.0546102 0.053
0.052742 0.053
0.0617578 0.054
0.0640498 0.056
0.0654303 0.058
0.0558572 0.056
0.084509 0.056
0.0697956 0.055
0.0484327 0.056
0.0648123 0.054
0.0335632 0.052
0.0334265 0.055
0.0334179 0.053
0.0343978 0.052
0.0560299 0.053
0.0645925 0.055
0.112217 0.055
0.0334183 0.053
0.0337583 0.056
0.0338536 0.057
0.0638851 0.055
0.0716367 0.054
0.0474784 0.053
0.08102 0.057
0.0657645 0.059
0.0336617 0.057
0.0712757 0.052
0.0740258 0.054
0.0339508 0.055
0.0678051 0.052
0.080497 0.056
0.175885 0.052
0.0869814 0.056
0.0657606 0.055
0.0640315 0.056
0.0338527 0.057
0.0726645 0.054
0.0556987 0.057
0.0334517 0.052
0.0562885 0.055
0.0543469 0.055
0.0743496 0.055
0.0762509 0.056
0.0341778 0.053
0.0337593 0.056
0.0732947 0.055
0.109803 0.052
0.0492068 0.054
0.0673226 0.052
0.0340009 0.055
0.0334606 0.054
0.0712257 0.054
0.0892399 0.057
0.0335821 0.058
0.0862898 0.056
0.0337087 0.058
0.0341638 0.054
0.0734612 0.055
0.0548211 0.056
0.0340598 0.06
0.0341543 0.059
0.0344888 0.054
0.0330745 0.055
0.065213 0.056
0.0500621 0.056
0.105549 0.057
0.0833949 0.059
0.0556697 0.057
0.0646541 0.059
0.13487 0.057
0.0769958 0.058
0.0737778 0.058
0.0336587 0.058
0.0342699 0.065
0.0337833 0.062
0.0333473 0.061
0.033836 0.057
0.0719866 0.053
0.0608358 0.054
0.0339581 0.056
0.0736698 0.061
0.0521015 0.056
0.087405 0.061
0.0335286 0.059
0.0332168 0.055
0.0742313 0.057
0.0480279 0.052
0.0740353 0.055
0.0866773 0.055
0.0340709 0.057
0.0649261 0.056
0.0642631 0.053
0.09222 0.054
0.0728306 0.059
0.0491557 0.057
0.0542704 0.052
0.0338361 0.062
0.0491787 0.052
0.0334325 0.052
0.0827201 0.053
0.0334218 0.052
0.0335024 0.053
0.0648602 0.056
0.034274 0.058
0.103946 0.056
0.0684885 0.054
0.0337478 0.055
0.0723767 0.053
0.0688283 0.054
0.0339011 0.058
0.0335473 0.053
0.0657527 0.058
0.0875316 0.053
0.0639123 0.057
0.0866177 0.058
0.0337136 0.057
0.0655606 0.054
0.0508408 0.058
0.0885281 0.054
0.034289 0.055
0.0716481 0.053
0.03432 0.052
0.0330531 0.058
0.0559297 0.06
0.0497129 0.058
0.0338303 0.055
0.0337777 0.052
0.0340162 0.055
0.0640888 0.056
0.0339056 0.058
0.0335629 0.056
0.060097 0.057
0.033152 0.055
0.0346215 0.055
0.0336761 0.055
0.0822979 0.056
0.0536807 0.055
0.0490759 0.051
0.0639088 0.054
0.0341251 0.054
0.0336126 0.05
0.0521686 0.054
0.089839 0.054
0.081086 0.059
0.0693287 0.055
0.0638108 0.058
0.0342072 0.056
0.0818697 0.054
0.0342007 0.057
0.0552678 0.059
0.0599846 0.055
0.0345629 0.056
0.0721266 0.057
0.072819 0.055
0.0685601 0.056
0.0339574 0.055
0.03393 0.055
0.0340868 0.054
0.0336523 0.055
0.0337826 0.058
0.0649651 0.055
0.0334609 0.062
0.0812769 0.058
0.0603896 0.057
0.0336115 0.055
0.0836078 0.055
0.0335846 0.053
0.0334782 0.056
0.0718936 0.056
0.0339619 0.056
0.0334719 0.056
0.0912627 0.053
0.102871 0.057
0.0336598 0.054
0.0642713 0.054
0.0750823 0.056
0.0342243 0.056
0.0349873 0.055
0.0742845 0.054
0.0676647 0.057
0.0815154 0.054
0.0348735 0.052
0.103696 0.055
0.0335874 0.057
0.0685951 0.057
0.0490041 0.054
0.0727599 0.057
0.0339163 0.053
0.0485474 0.055
0.0736038 0.056
0.033475 0.057
0.0919052 0.055
0.0336911 0.055
0.0818227 0.055
0.0337512 0.054
0.0809366 0.054
0.0492089 0.056
0.0542114 0.055
0.0711025 0.053
0.0338442 0.058
0.0652118 0.056
0.0345114 0.053
0.267839 0.056
0.0738962 0.056
0.0333183 0.057
0.091929 0.059
0.102663 0.053
0.0341954 0.058
0.0586245 0.053
0.0341509 0.055
0.0342722 0.052
0.0342787 0.055
0.0565251 0.054
0.0724159 0.055
0.0575875 0.055
0.064434 0.053
0.0832404 0.059
0.0713527 0.058
0.0336914 0.053
0.112726 0.06
0.0337669 0.054
0.0499393 0.058
0.0727266 0.054
0.0343451 0.054
0.0547675 0.053
0.033269 0.054
0.0336204 0.057
0.0713186 0.052
0.0713451 0.053
0.0563149 0.055
0.0332976 0.056
0.0658004 0.055
0.0893891 0.056
0.0666416 0.058
0.0337911 0.054
0.033417 0.058
0.0342617 0.055
0.0554332 0.056
0.0343322 0.056
0.0678561 0.058
0.0651443 0.056
0.0637251 0.055
0.0329754 0.057
0.033327 0.057
0.0885289 0.059
0.033889 0.054
0.0802853 0.053
0.0339695 0.056
0.0844124 0.059
0.0857242 0.055
0.0335934 0.06
0.0602746 0.058
0.081682 0.054
0.034175 0.053
0.0487483 0.053
0.0333281 0.059
0.033668 0.057
0.0542674 0.058
0.0338044 0.055
0.179376 0.057
0.0336074 0.054
0.0680188 0.059
0.08701 0.053
0.0335672 0.055
0.0332644 0.06
0.0717524 0.06
0.0712063 0.053
0.0823286 0.054
0.0701375 0.054
0.0680204 0.058
0.0546872 0.056
0.0344776 0.056
0.0862771 0.06
0.072412 0.061
0.068719 0.055
0.0543584 0.056
0.0703083 0.056
0.0584919 0.056
0.0773607 0.055
0.0483117 0.059
0.0687962 0.056
0.0548071 0.055
0.0698299 0.055
0.0342997 0.052
0.0698258 0.057
0.0333649 0.058
0.0554939 0.057
0.0720307 0.056
0.089952 0.056
0.0340184 0.06
0.0674312 0.055
0.0730627 0.056
0.0793455 0.054
0.0720673 0.054
0.0334628 0.051
0.0334762 0.055
0.0343488 0.051
0.0734261 0.053
0.0600957 0.052
0.034243 0.054
0.066965 0.053
0.0773425 0.054
0.102468 0.056
0.0708744 0.056
0.0496219 0.055
0.0643361 0.055
0.0338394 0.057
0.0340965 0.056
0.0878136 0.055
0.0719271 0.059
0.0335599 0.057
0.0803606 0.057
0.0331803 0.055
0.0738755 0.056
0.0336561 0.055
0.0332511 0.055
0.0335107 0.052
0.0710424 0.054
0.0337617 0.052
0.0717308 0.054
0.072277 0.056
0.0340372 0.053
0.0992348 0.054
0.0664005 0.057
0.0554666 0.058
0.0337191 0.062
0.0338848 0.057
0.0349543 0.056
0.0733085 0.056
0.0664318 0.058
0.0733247 0.053
0.03453 0.056
0.0331768 0.057
0.0695557 0.056
0.0333847 0.057
0.0665233 0.054
0.0599849 0.055
0.0719045 0.054
0.0644124 0.054
0.0335823 0.054
0.0335434 0.052
0.0654944 0.052
0.0751434 0.054
0.0341593 0.051
0.0337398 0.059
0.0891214 0.056
0.0728095 0.058
0.0576808 0.057
0.0897194 0.057
0.0727627 0.054
0.0758971 0.053
0.0346612 0.053
0.089963 0.055
0.0335891 0.056
0.0487046 0.053
0.0738538 0.058
0.066234 0.057
0.0339812 0.057
0.034264 0.054
0.0709844 0.055
0.0548024 0.054
0.0625435 0.054
0.0332973 0.055
0.0733282 0.06
0.0689823 0.055
0.0688505 0.056
0.0851507 0.054
0.0339014 0.055
0.048593 0.056
0.0978245 0.054
0.065473 0.055
0.073188 0.052
0.0800764 0.056
0.071108 0.058
0.0338128 0.055
0.0696576 0.056
0.0794091 0.056
0.0851175 0.055
0.0698819 0.055
0.090301 0.056
0.0712966 0.052
0.0524629 0.053
0.0736648 0.059
0.0337234 0.058
0.0336622 0.057
0.058996 0.056
0.0344372 0.054
0.0657212 0.052
0.0551141 0.056
0.0672606 0.057
0.091254 0.056
0.071233 0.056
0.0866274 0.057
0.0501252 0.058
0.0685664 0.057
0.0608156 0.057
0.0481784 0.058
0.0340099 0.055
0.067643 0.057
0.0867368 0.057
0.0566817 0.06
0.0655153 0.057
0.0795127 0.052
0.0585471 0.056
0.0614657 0.055
0.0686952 0.058
0.069314 0.057
0.0713799 0.059
0.0607611 0.053
0.0340848 0.057
0.0336055 0.058
0.0953875 0.059
0.034046 0.053
0.0820474 0.059
0.0619028 0.056
0.0748175 0.06
0.104243 0.058
0.0738804 0.059
0.0891072 0.058
0.0673222 0.06
0.073152 0.054
0.0731596 0.054
0.0796834 0.057
0.0731919 0.058
0.0684422 0.057
0.0728401 0.052
0.058017 0.053
0.0752618 0.052
0.0337256 0.054
0.0340014 0.052
0.0337027 0.054
0.0682331 0.057
0.0656833 0.053
0.034145 0.056
0.0479985 0.055
0.0335478 0.059
0.033718 0.055
0.0336733 0.055
0.0606172 0.055
0.0696415 0.058
0.0491185 0.054
0.0342741 0.058
0.0698603 0.052
0.0337292 0.056
0.0334951 0.053
0.0573193 0.057
0.074635 0.057
0.074735 0.056
0.0862645 0.055
0.0679232 0.057
0.0343693 0.055
0.0343904 0.054
0.0835224 0.053
0.0334134 0.055
0.0684827 0.058
0.0775085 0.057
0.0491257 0.056
0.0733651 0.055
0.0726958 0.051
0.0339422 0.054
0.0335622 0.055
0.132186 0.055
0.074032 0.058
0.194158 0.059
0.0338 0.058
0.0333443 0.059
0.0337916 0.058
0.0801249 0.056
0.0338895 0.054
0.0340531 0.055
0.0648372 0.053
0.102354 0.055
0.0645286 0.057
0.0338429 0.058
0.0333056 0.053
0.0336852 0.056
0.0341775 0.056
0.0349761 0.052
0.0341301 0.055
0.0681324 0.055
0.0340849 0.055
0.0612283 0.057
0.0584135 0.054
0.0728739 0.056
0.0506936 0.055
0.0644412 0.055
0.0605456 0.058
0.0729465 0.054
0.139222 0.053
0.134444 0.056
0.0335894 0.053
0.0722636 0.058
0.0727286 0.057
0.0905124 0.058
0.0565193 0.057
0.173515 0.057
0.0591942 0.056
0.0629846 0.058
0.0660681 0.057
0.0704322 0.06
0.0335394 0.057
0.0814229 0.057
0.0341917 0.057
0.0336792 0.055
0.0332026 0.055
0.0741458 0.058
0.0341146 0.054
0.0348412 0.055
0.034315 0.052
0.0340797 0.054
0.0342114 0.053
0.0530048 0.054
0.0329188 0.06
0.072722 0.057
0.0686163 0.058
0.0337755 0.053
0.0847837 0.054
0.0529783 0.056
0.049202 0.056
0.0339519 0.055
0.0597966 0.055
0.0336046 0.054
0.0707055 0.053
0.0858565 0.053
0.0691407 0.052
0.172114 0.052
0.0336595 0.053
0.0336778 0.055
0.0616575 0.055
0.0339511 0.057
0.0847548 0.058
0.0903148 0.055
0.0867819 0.057
0.064201 0.058
0.0333756 0.053
0.0334762 0.057
0.0650757 0.056
0.111865 0.058
0.0492396 0.052
0.0676161 0.057
0.034444 0.053
0.052415 0.054
0.0811901 0.056
0.0618978 0.058
0.0803818 0.055
0.0337336 0.056
0.0338163 0.054
0.0342243 0.056
0.0588061 0.056
0.0545904 0.055
0.0734342 0.053
0.0809006 0.055
0.070173 0.053
0.0906278 0.057
0.0646848 0.055
0.064666 0.059
0.0658866 0.053
0.0334599 0.06
0.0661367 0.058
0.0341774 0.056
0.0553167 0.052
0.0338841 0.055
0.0874933 0.057
0.033553 0.056
0.0478539 0.057
0.0334661 0.054
0.0343301 0.053
0.0741307 0.054
0.0337164 0.057
0.0974133 0.057
0.0341922 0.052
0.0703447 0.054
0.0559003 0.057
0.0746665 0.058
0.0684155 0.055
0.034246 0.057
0.055941 0.057
0.0343061 0.059
0.0333731 0.057
0.0342592 0.058
0.0735918 0.056
0.0714632 0.056
0.0334943 0.061
0.034434 0.056
0.0566149 0.061
0.0692094 0.054
0.0482869 0.054
0.0654453 0.053
0.0618738 0.052
0.069496 0.057
0.0335802 0.058
0.089715 0.055
0.072744 0.057
0.0875401 0.057
0.0646618 0.06
0.0595937 0.061
0.0902473 0.052
0.0820445 0.057
0.0721294 0.055
0.0341534 0.057
0.0862305 0.054
0.0342024 0.054
0.0557008 0.053
0.0518071 0.058
0.0609751 0.056
0.0564065 0.057
0.0340609 0.053
0.117836 0.059
0.0334999 0.055
0.0650412 0.056
0.0334888 0.055
0.0730512 0.052
0.0332308 0.054
0.0898072 0.051
0.03377 0.053
0.0898527 0.057
0.0338674 0.054
0.0336964 0.059
0.0880189 0.055
0.070314 0.056
0.0336392 0.053
0.0346828 0.054
0.0770774 0.056
0.0708449 0.054
0.0333632 0.059
0.0337524 0.056
0.0480682 0.053
0.034418 0.053
0.0685468 0.053
0.0883201 0.056
0.0715594 0.058
0.174514 0.057
0.106102 0.057
0.0497389 0.06
0.0866844 0.058
0.0618246 0.057
0.0852274 0.054
0.0630353 0.057
0.068842 0.054
0.0784187 0.054
0.0334634 0.057
0.064898 0.058
0.033451 0.056
0.0803143 0.056
0.0336994 0.054
0.110425 0.062
0.0564884 0.057
0.0332634 0.058
0.0881048 0.059
0.070403 0.054
0.0509405 0.057
0.0698885 0.058
0.0340097 0.056
0.0556967 0.056
0.0866517 0.055
0.0337972 0.055
0.0341986 0.055
0.0351619 0.054
0.0867259 0.051
0.0340369 0.055
0.0341411 0.054
0.0742405 0.054
0.0335272 0.054
0.0333239 0.056
0.0853563 0.055
0.0951613 0.054
0.0680821 0.057
0.0721673 0.052
0.0546395 0.054
0.0624538 0.054
0.0791788 0.056
0.0334087 0.056
0.0330993 0.06
0.034249 0.055
0.108184 0.059
0.0335164 0.057
0.0726351 0.055
0.062526 0.057
0.0891319 0.056
0.0338433 0.056
0.0725002 0.059
0.0904061 0.055
0.0802792 0.058
0.0335776 0.058
0.0334135 0.058
0.063961 0.059
0.150785 0.058
0.075897 0.054
0.144566 0.056
0.0678995 0.062
0.0623813 0.056
0.0705664 0.056
0.0881339 0.057
0.0610894 0.057
0.0635752 0.059
0.0752065 0.054
0.0588969 0.055
0.0341328 0.055
0.0946785 0.054
0.0654156 0.055
0.049238 0.057
0.0338604 0.054
0.0690726 0.055
0.0347552 0.053
0.0338133 0.054
0.0580538 0.054
0.110229 0.055
0.0739714 0.054
0.0679747 0.058
0.0338214 0.055
0.0336764 0.053
0.212589 0.053
0.0337822 0.053
0.071046 0.056
0.0868254 0.051
0.0552067 0.056
0.0876347 0.058
0.0341977 0.058
0.0704462 0.054
0.0688076 0.057
0.0340671 0.059
0.0343835 0.053
0.0333069 0.055
0.0782972 0.055
0.0688347 0.055
0.033909 0.052
0.0872704 0.055
0.0342899 0.052
0.0575585 0.055
0.0342939 0.057
0.0671239 0.056
0.0854101 0.053
0.0886018 0.053
0.034381 0.053
0.0503149 0.055
0.0713535 0.056
0.0949823 0.057
0.0334542 0.057
0.0336786 0.057
0.0346557 0.057
0.0724262 0.056
0.0518643 0.053
0.092311 0.058
0.148557 0.06
0.0333661 0.055
0.201044 0.057
0.0340913 0.056
0.0721506 0.057
0.0866419 0.057
0.0674035 0.057
0.0635296 0.057
0.0345959 0.053
0.0680549 0.055
0.0494066 0.058
0.0684003 0.056
0.033693 0.054
0.0724868 0.057
0.0343991 0.057
0.0337613 0.055
0.0750619 0.058
0.0742799 0.058
0.0625649 0.057
0.0678484 0.057
0.0517677 0.058
0.0513607 0.055
0.0332461 0.058
0.0705326 0.055
0.0712044 0.06
0.0659537 0.056
0.0340378 0.058
0.0876863 0.053
0.0907274 0.058
0.074657 0.055
0.0975237 0.057
0.0335558 0.056
0.0842111 0.06
0.0719619 0.056
0.052216 0.055
0.0857504 0.053
0.0533633 0.055
0.0812179 0.052
0.0348109 0.058
0.0691043 0.055
0.0736453 0.057
0.0684475 0.06
0.0866168 0.055
0.0538091 0.061
0.0341503 0.055
0.0944998 0.056
0.0658822 0.054
0.0761048 0.054
0.033959 0.054
0.0705355 0.054
0.0343226 0.056
0.0639375 0.057
0.0334545 0.059
0.0940141 0.055
0.0503796 0.058
0.0647543 0.059
0.0339067 0.059
0.0848722 0.06
0.0905036 0.058
0.0345743 0.057
0.080134 0.057
0.0828739 0.058
0.0342128 0.058
0.0536075 0.054
0.05346 0.054
0.0546614 0.054
0.0678039 0.057
0.0803753 0.054
0.03448 0.056
0.106625 0.057
0.0723765 0.058
0.11487 0.054
0.0339887 0.054
0.0508001 0.055
0.0340821 0.053
0.0338198 0.056
0.0337254 0.055
0.0706741 0.052
0.0334076 0.052
0.0682815 0.059
0.0668095 0.058
0.033828 0.053
0.066326 0.057
0.124319 0.054
0.0573771 0.058
0.0339146 0.056
0.0732696 0.057
0.0547064 0.055
0.0625611 0.057
0.055223 0.051
0.0768029 0.053
0.0335103 0.051
0.0733183 0.055
0.0705611 0.055
0.0719637 0.054
0.0862725 0.056
0.0344012 0.056
0.0342533 0.055
0.0345932 0.054
0.0333899 0.057
0.0337045 0.057
0.0683399 0.059
0.0338203 0.058
0.0728303 0.057
0.0751029 0.057
0.105239 0.057
0.0746831 0.06
0.0337029 0.059
0.0661987 0.056
0.0336256 0.056
0.0342241 0.057
0.0337221 0.06
0.0333992 0.057
0.0335569 0.054
0.0711432 0.059
0.0704787 0.057
0.0681408 0.056
0.0714707 0.052
0.0574309 0.055
0.0515627 0.052
0.054411 0.054
0.0562451 0.052
0.0859144 0.056
0.0700945 0.052
0.0342793 0.054
0.0341921 0.057
0.034166 0.057
0.0790845 0.058
0.0340299 0.054
0.0331229 0.058
0.0735738 0.057
0.0501267 0.058
0.0484077 0.057
0.0575935 0.054
0.0500363 0.056
0.0735264 0.057
0.0756127 0.057
0.0336774 0.06
0.046786 0.055
0.0704129 0.056
0.0854949 0.055
0.0337987 0.057
0.0332521 0.057
0.0809104 0.053
0.0702239 0.057
0.0698762 0.061
0.0339309 0.058
0.0646024 0.054
0.0665039 0.057
0.086145 0.055
0.0338508 0.058
0.0335594 0.058
0.0640507 0.057
0.0667658 0.055
0.0739614 0.057
0.034112 0.056
0.0901649 0.059
0.034556 0.054
0.0354282 0.058
0.0844767 0.06
0.064605 0.058
0.0596162 0.059
0.0746855 0.058
0.0730979 0.055
0.0344324 0.059
0.0337882 0.055
0.0336751 0.059
0.0333584 0.056
0.0631899 0.056
0.0330491 0.055
0.034657 0.057
0.0830091 0.055
0.0507576 0.058
0.0538374 0.056
0.0334397 0.056
0.0805275 0.057
0.0903086 0.058
0.0337599 0.056
0.0716916 0.052
0.0678675 0.055
0.100953 0.055
0.0336035 0.056
0.0334009 0.056
0.0543677 0.057
0.0340689 0.055
0.0477727 0.056
0.0770283 0.056
0.0828539 0.054
0.034677 0.057
0.0987561 0.057
0.0666656 0.055
0.0731808 0.055
0.0338379 0.061
0.0341102 0.059
0.0482328 0.055
0.0866108 0.059
0.0655338 0.058
0.0930238 0.056
0.190359 0.056
0.033562 0.058
0.034687 0.056
0.0861179 0.053
0.0516419 0.056
0.0337151 0.057
0.0503531 0.057
0.0639904 0.055
0.0519279 0.056
0.0939348 0.054
0.0885617 0.055
0.0929367 0.052
0.0716535 0.056
0.0489472 0.057
0.0793222 0.055
0.0697334 0.054
0.0857028 0.054
0.0817277 0.056
0.125091 0.055
0.0663669 0.053
0.0346525 0.054
0.0708503 0.054
0.0331472 0.057
0.0332286 0.057
0.0644566 0.057
0.0340714 0.054
0.0588011 0.055
0.0347994 0.056
0.0336192 0.057
0.0335678 0.056
0.0807937 0.054
0.0706612 0.056
0.0570732 0.054
0.055163 0.058
0.0710068 0.054
0.168164 0.055
0.0737589 0.059
0.0910478 0.053
0.0339999 0.055
0.0686113 0.052
0.0561519 0.054
0.0342987 0.054
0.0341866 0.052
0.0485734 0.054
0.0620661 0.056
0.0728458 0.055
0.054427 0.054
0.0340427 0.055
0.083567 0.058
0.0875045 0.053
0.0915171 0.054
0.117385 0.052
0.0856676 0.055
0.0702217 0.058
0.11837 0.055
0.0727044 0.058
0.0731344 0.058
0.105859 0.056
0.086535 0.054
0.0337153 0.054
0.0680473 0.053
0.0730456 0.056
0.0643543 0.052
0.0865877 0.058
0.0736986 0.058
0.0511148 0.059
0.0820703 0.058
0.0546856 0.059
0.0345847 0.057
0.0847598 0.058
0.0731687 0.056
0.0657043 0.058
0.0955368 0.055
0.0693825 0.057
0.0741053 0.056
0.0342462 0.053
0.145269 0.052
0.0885458 0.056
0.0870984 0.056
0.0574081 0.052
0.034069 0.058
0.0331373 0.058
0.0849839 0.059
0.0608061 0.057
0.0602152 0.056
0.0722314 0.06
0.0609499 0.054
0.0590652 0.056
0.0336263 0.059
0.085458 0.056
0.0331942 0.057
0.0340246 0.055
0.064999 0.056
0.0868414 0.055
0.034877 0.056
0.0625783 0.056
0.0717803 0.058
0.066381 0.054
0.0343017 0.054
0.0336984 0.053
0.0701233 0.051
0.0550073 0.056
0.0336959 0.058
0.0701507 0.059
0.0728889 0.059
0.0517324 0.056
0.0541502 0.054
0.0492637 0.056
0.0549505 0.056
0.0342746 0.054
0.0347302 0.057
0.0325694 0.059
0.0858154 0.058
0.0335723 0.057
0.03392 0.058
0.059783 0.058
0.0345021 0.056
0.0341932 0.054
0.0684235 0.054
0.0334332 0.055
0.0940703 0.056
0.0885962 0.054
0.0357313 0.055
0.132215 0.055
0.0697321 0.055
0.0562197 0.054
0.0730257 0.058
0.033786 0.058
0.109168 0.055
0.0717371 0.058
0.108313 0.056
0.132947 0.056
0.0703145 0.055
0.0557648 0.055
0.0737033 0.055
0.0688024 0.054
0.0344189 0.053
0.0688514 0.055
0.0341629 0.056
0.0341402 0.055
0.0701043 0.055
0.0334406 0.056
0.0632129 0.063
0.0685814 0.057
0.0728116 0.054
0.072264 0.058
0.0609268 0.056
0.141883 0.057
0.0607302 0.058
0.0720329 0.059
0.0333336 0.055
0.0335767 0.054
0.0907365 0.056
0.104793 0.057
0.0766769 0.058
0.0847536 0.058
0.165984 0.058
0.0667236 0.057
0.0345108 0.056
0.0338926 0.056
0.0540495 0.057
0.0708428 0.056
0.0796424 0.057
0.0340451 0.054
0.0723222 0.058
0.0746426 0.055
0.0348967 0.055
0.0344232 0.06
0.0679173 0.057
0.0345511 0.057
0.0344551 0.055
0.0479761 0.059
0.0726689 0.056
0.0333885 0.061
0.0511792 0.054
0.03366 0.058
0.066073 0.054
0.0569402 0.055
0.0959602 0.054
0.0859791 0.058
0.0618354 0.055
0.0333422 0.054
0.050204 0.051
0.0773339 0.054
0.0796453 0.057
0.113953 0.058
0.0332819 0.057
0.0337799 0.053
0.0343949 0.054
0.0342211 0.053
0.0659257 0.055
0.0340465 0.055
0.0740671 0.052
0.0831206 0.053
0.117647 0.056
0.0717259 0.055
0.0641743 0.054
0.0339968 0.052
0.0869308 0.056
0.0348857 0.059
0.0857278 0.059
0.060989 0.054
0.0628215 0.056
0.0335278 0.056
0.0746767 0.053
0.0342 0.056
0.0341328 0.053
0.0337916 0.057
0.0685751 0.057
0.0335831 0.057
0.0775191 0.054
0.0335086 0.053
0.0342377 0.058
0.122166 0.056
0.0698913 0.063
0.0336514 0.059
0.0817449 0.058
0.0849921 0.058
0.0341863 0.055
0.0650156 0.054
0.0683012 0.054
0.0340845 0.054
0.0726991 0.057
0.0671936 0.055
0.0738105 0.058
0.0541014 0.056
0.0869507 0.056
0.0859248 0.056
0.0479249 0.054
0.034504 0.055
0.0341374 0.055
0.0610251 0.056
0.0888342 0.056
0.0331617 0.055
0.0605812 0.059
0.071188 0.054
0.0502006 0.055
0.0974707 0.059
0.0743836 0.059
0.0334553 0.059
0.0336295 0.057
0.0799805 0.058
0.538499 0.055
0.0569122 0.055
0.0693637 0.055
0.033521 0.052
0.0890826 0.056
0.0525545 0.054
0.0339399 0.055
0.0637718 0.054
0.0566182 0.055
0.0341286 0.058
0.0633031 0.057
0.0670131 0.056
0.0549279 0.056
0.0341614 0.054
0.034611 0.054
0.0617524 0.054
0.0482676 0.06
0.060166 0.055
0.0616484 0.055
0.0724862 0.056
0.141613 0.057
0.0690644 0.056
0.0337696 0.062
0.072488 0.055
0.0859608 0.058
0.0500807 0.064
0.0639886 0.056
0.08493 0.06
0.0722749 0.056
0.0656823 0.056
0.173095 0.054
0.0970116 0.056
0.0884009 0.057
0.0641955 0.059
0.0792751 0.055
0.0535914 0.062
0.0725761 0.059
0.0338051 0.057
0.0339974 0.056
0.0877715 0.054
0.0549406 0.055
0.0334141 0.056
0.0866215 0.059
0.0341515 0.055
0.0750022 0.059
0.0637451 0.056
0.0343721 0.055
0.034324 0.053
0.0841821 0.057
0.097658 0.057
0.0335418 0.059
0.0682832 0.058
0.0338842 0.056
0.059049 0.057
0.033964 0.055
0.0529947 0.057
0.0850105 0.055
0.0555183 0.057
0.0721695 0.053
0.0507885 0.056
0.03408 0.055
0.0777597 0.058
0.0677268 0.056
0.15471 0.054
0.0740377 0.056
0.0605948 0.056
0.0344965 0.055
0.0559113 0.053
0.0607154 0.056
0.0343999 0.053
0.0667227 0.056
0.0674814 0.054
0.0648799 0.054
0.0345487 0.057
0.0773214 0.056
0.0705726 0.054
0.0343581 0.059
0.0624581 0.054
0.0346866 0.054
0.062446 0.055
0.0812826 0.062
0.0639907 0.057
0.0678419 0.055
0.0339753 0.057
0.0342431 0.059
0.0928821 0.054
