0.050000 0.736000 4.669808 95.000000
0.050000 0.868000 5.324942 108.000000
0.050000 0.605000 5.048526 102.000000
0.050000 0.335000 4.834555 98.000000
0.050000 0.323000 4.663413 95.000000
0.050000 0.364000 4.541673 92.000000
0.050000 0.326000 4.104421 84.000000
0.050000 0.646000 5.025225 102.000000
0.050000 0.240000 4.627062 94.000000
0.050000 0.261000 4.225797 86.000000
0.050000 0.470000 5.071139 103.000000
0.050000 0.325000 4.533584 92.000000
0.050000 0.340000 4.651078 95.000000
0.050000 0.434000 4.631848 94.000000
0.050000 0.522000 4.668789 95.000000
0.050000 0.295000 4.528453 92.000000
0.050000 0.497000 4.600441 94.000000
0.050000 0.430000 4.994490 101.000000
0.050000 0.800000 4.697821 95.000000
0.050000 0.328000 4.428667 90.000000
0.050000 1.616000 6.751003 137.000000
0.050000 0.220000 4.323367 88.000000
0.050000 0.653000 4.193158 85.000000
0.050000 0.527000 4.888602 99.000000
0.050000 0.369000 4.295085 87.000000
0.050000 0.230000 4.404215 90.000000
0.050000 0.673000 4.743446 96.000000
0.050000 0.577000 5.374288 109.000000
0.050000 0.365000 4.693961 95.000000
0.050000 0.214000 4.151480 85.000000
0.050000 0.810000 6.101271 124.000000
0.050000 0.460000 5.739577 116.000000
0.050000 1.433000 5.139264 104.000000
0.050000 0.419000 4.699890 95.000000
0.050000 0.883000 5.798314 117.000000
0.050000 0.745000 5.588256 113.000000
0.050000 0.400000 4.324615 88.000000
0.050000 0.456000 4.549592 92.000000
0.050000 0.238000 4.352182 89.000000
0.050000 0.630000 5.563265 113.000000
0.050000 0.573000 4.375589 89.000000
0.050000 0.365000 4.735518 96.000000
0.050000 0.535000 4.490883 91.000000
0.050000 0.533000 5.569743 113.000000
0.050000 0.658000 6.010676 122.000000
0.050000 0.348000 4.460001 91.000000
0.050000 0.323000 4.284518 87.000000
0.050000 0.592000 5.246461 106.000000
0.050000 0.568000 5.104384 104.000000
0.050000 1.097000 5.603582 114.000000
0.100000 0.419000 4.955970 51.000000
0.100000 0.125000 4.154379 43.000000
0.100000 0.353000 4.349468 45.000000
0.100000 0.300000 5.305606 55.000000
0.100000 0.216000 4.297860 44.000000
0.100000 0.182000 4.569133 47.000000
0.100000 0.591000 5.207633 54.000000
0.100000 0.196000 4.525378 47.000000
0.100000 0.865000 4.528464 47.000000
0.100000 0.399000 5.340081 55.000000
0.100000 0.425000 5.220258 54.000000
0.100000 0.658000 6.831270 70.000000
0.100000 0.414000 5.376455 55.000000
0.100000 0.234000 4.234607 44.000000
0.100000 0.287000 5.170496 53.000000
0.100000 0.176000 4.504548 47.000000
0.100000 0.195000 4.481190 46.000000
0.100000 0.256000 4.634924 48.000000
0.100000 0.329000 4.816184 50.000000
0.100000 0.221000 4.577862 47.000000
0.100000 0.226000 4.270042 44.000000
0.100000 0.219000 4.761338 49.000000
0.100000 0.188000 4.749782 49.000000
0.100000 0.292000 4.578757 47.000000
0.100000 0.159000 4.246024 44.000000
0.100000 0.176000 4.304886 45.000000
0.100000 0.284000 4.234685 44.000000
0.100000 0.906000 7.309301 75.000000
0.100000 0.358000 5.379149 55.000000
0.100000 0.352000 6.297581 64.000000
0.100000 0.265000 5.547603 57.000000
0.100000 0.282000 4.267150 44.000000
0.100000 0.326000 5.499437 56.000000
0.100000 0.168000 4.479780 46.000000
0.100000 0.256000 5.073639 52.000000
0.100000 0.179000 4.707687 49.000000
0.100000 0.327000 4.651144 48.000000
0.100000 0.318000 5.115774 53.000000
0.100000 0.407000 4.847235 50.000000
0.100000 0.166000 4.613451 48.000000
0.100000 0.252000 4.615068 48.000000
0.100000 0.243000 4.890927 50.000000
0.100000 0.253000 4.413504 46.000000
0.100000 0.228000 4.510683 47.000000
0.100000 0.165000 4.285815 44.000000
0.100000 0.391000 5.009151 52.000000
0.100000 0.334000 4.561878 47.000000
0.100000 0.177000 4.598593 47.000000
0.100000 0.154000 4.163546 43.000000
0.100000 0.497000 5.449370 56.000000
0.150000 0.156000 4.552337 32.000000
0.150000 0.169000 4.499182 31.000000
0.150000 0.308000 4.559162 32.000000
0.150000 0.279000 4.625271 32.000000
0.150000 0.115000 4.108708 29.000000
0.150000 0.183000 5.168648 36.000000
0.150000 0.210000 4.601074 32.000000
0.150000 0.168000 4.323489 30.000000
0.150000 0.232000 5.455023 38.000000
0.150000 0.351000 5.346121 37.000000
0.150000 0.204000 4.542287 32.000000
0.150000 0.295000 5.075868 35.000000
0.150000 0.248000 4.632669 32.000000
0.150000 0.248000 4.946513 34.000000
0.150000 0.445000 4.566930 32.000000
0.150000 0.141000 4.265035 30.000000
0.150000 0.205000 5.347417 37.000000
0.150000 0.153000 4.501269 32.000000
0.150000 0.186000 4.322605 30.000000
0.150000 0.237000 4.958784 35.000000
0.150000 0.294000 4.624797 32.000000
0.150000 0.257000 4.719276 33.000000
0.150000 0.199000 4.542975 32.000000
0.150000 0.276000 5.116047 36.000000
0.150000 0.153000 4.719554 33.000000
0.150000 0.139000 4.247278 30.000000
0.150000 0.184000 4.390490 31.000000
0.150000 0.286000 4.562778 32.000000
0.150000 0.283000 5.000065 35.000000
0.150000 0.516000 4.380513 31.000000
0.150000 0.651000 4.742555 33.000000
0.150000 0.178000 4.192831 29.000000
0.150000 0.194000 4.545981 32.000000
0.150000 0.146000 4.386857 31.000000
0.150000 0.192000 4.597183 32.000000
0.150000 0.165000 4.196913 29.000000
0.150000 0.477000 5.527213 38.000000
0.150000 0.590000 4.618042 32.000000
0.150000 0.390000 5.572003 39.000000
0.150000 0.118000 4.248560 30.000000
0.150000 0.167000 4.759433 33.000000
0.150000 0.203000 4.392643 31.000000
0.150000 0.210000 4.500669 32.000000
0.150000 0.312000 4.617137 32.000000
0.150000 0.275000 5.457436 38.000000
0.150000 0.231000 4.458916 31.000000
0.150000 0.625000 5.270227 37.000000
0.150000 0.302000 5.437014 38.000000
0.150000 0.211000 4.318820 30.000000
0.150000 0.547000 5.927768 41.000000
0.200000 0.254000 5.177332 27.000000
0.200000 0.145000 4.568061 24.000000
0.200000 0.141000 4.279007 23.000000
0.200000 0.211000 4.481621 24.000000
0.200000 0.304000 4.651252 25.000000
0.200000 0.170000 4.423639 24.000000
0.200000 0.125000 4.404252 24.000000
0.200000 0.247000 4.990405 26.000000
0.200000 0.162000 5.134120 27.000000
0.200000 0.172000 4.547308 24.000000
0.200000 0.130000 4.400589 24.000000
0.200000 0.165000 4.643946 25.000000
0.200000 0.143000 5.107688 27.000000
0.200000 0.445000 6.104089 32.000000
0.200000 0.195000 4.734200 25.000000
0.200000 0.204000 4.796263 25.000000
0.200000 0.171000 4.829118 26.000000
0.200000 0.336000 4.970080 26.000000
0.200000 0.274000 4.653378 25.000000
0.200000 0.407000 5.035533 27.000000
0.200000 0.147000 4.907140 26.000000
0.200000 0.159000 4.294879 23.000000
0.200000 0.184000 4.447334 24.000000
0.200000 0.532000 6.882960 36.000000
0.200000 0.424000 5.593458 29.000000
0.200000 0.119000 4.355482 23.000000
0.200000 0.305000 5.537481 29.000000
0.200000 0.186000 4.274231 23.000000
0.200000 0.191000 4.382581 23.000000
0.200000 0.271000 4.589720 24.000000
0.200000 0.120000 4.101030 22.000000
0.200000 0.217000 4.777716 25.000000
0.200000 0.127000 4.157739 22.000000
0.200000 0.179000 4.756704 25.000000
0.200000 0.197000 4.612733 25.000000
0.200000 0.168000 4.718427 25.000000
0.200000 0.195000 4.406420 24.000000
0.200000 0.243000 4.658350 25.000000
0.200000 0.147000 4.452703 24.000000
0.200000 0.194000 4.830443 26.000000
0.200000 0.187000 4.251955 23.000000
0.200000 0.594000 6.319044 33.000000
0.200000 0.186000 4.372072 23.000000
0.200000 0.174000 4.946125 26.000000
0.200000 0.519000 5.583743 29.000000
0.200000 0.262000 5.361801 28.000000
0.200000 0.259000 5.453971 29.000000
0.200000 0.147000 4.778265 25.000000
0.200000 0.234000 4.674167 25.000000
0.200000 0.212000 4.506786 24.000000
0.250000 0.131000 4.929813 21.000000
0.250000 0.176000 4.696443 20.000000
0.250000 0.129000 4.721211 20.000000
0.250000 0.150000 4.765219 21.000000
0.250000 0.186000 4.914216 21.000000
0.250000 0.176000 5.304711 23.000000
0.250000 0.207000 4.949423 21.000000
0.250000 0.271000 6.257560 27.000000
0.250000 0.323000 5.495790 23.000000
0.250000 0.111000 4.232645 18.000000
0.250000 0.106000 4.265237 19.000000
0.250000 0.243000 4.351682 19.000000
0.250000 0.132000 4.095398 18.000000
0.250000 0.154000 4.866329 21.000000
0.250000 0.185000 4.358495 19.000000
0.250000 0.149000 5.037386 22.000000
0.250000 0.145000 4.862909 21.000000
0.250000 0.100000 4.421756 19.000000
0.250000 0.151000 5.021249 22.000000
0.250000 0.249000 5.519853 24.000000
0.250000 0.268000 5.774963 25.000000
0.250000 0.329000 6.273239 27.000000
0.250000 0.166000 4.871131 21.000000
0.250000 0.168000 4.912068 21.000000
0.250000 0.222000 5.100112 22.000000
0.250000 0.184000 5.550151 24.000000
0.250000 0.226000 4.425143 19.000000
0.250000 0.138000 4.596599 20.000000
0.250000 0.327000 4.969451 21.000000
0.250000 0.132000 4.385597 19.000000
0.250000 0.158000 4.710612 20.000000
0.250000 0.299000 5.816267 25.000000
0.250000 0.121000 4.298792 19.000000
0.250000 0.287000 5.253346 23.000000
0.250000 0.127000 4.400425 19.000000
0.250000 0.323000 4.882220 21.000000
0.250000 0.100000 4.368565 19.000000
0.250000 0.118000 4.194334 18.000000
0.250000 0.120000 4.734312 20.000000
0.250000 0.134000 4.305275 19.000000
0.250000 0.166000 5.276728 23.000000
0.250000 0.336000 4.516671 20.000000
0.250000 0.219000 6.072430 26.000000
0.250000 0.114000 4.298125 19.000000
0.250000 0.126000 4.687777 20.000000
0.250000 0.139000 4.652584 20.000000
0.250000 0.221000 4.730367 20.000000
0.250000 0.323000 6.827141 29.000000
0.250000 0.103000 4.231596 18.000000
0.250000 0.293000 6.745401 28.000000
0.300000 0.134000 4.326931 16.000000
0.300000 0.141000 4.256637 16.000000
0.300000 0.131000 5.074139 18.000000
0.300000 0.171000 4.869573 18.000000
0.300000 0.184000 4.975398 18.000000
0.300000 0.163000 4.550417 17.000000
0.300000 0.212000 6.367561 23.000000
0.300000 0.146000 4.297873 16.000000
0.300000 0.108000 4.437910 16.000000
0.300000 0.230000 4.768003 17.000000
0.300000 0.179000 4.647205 17.000000
0.300000 0.111000 4.575411 17.000000
0.300000 0.127000 4.523149 17.000000
0.300000 0.118000 4.599298 17.000000
0.300000 0.137000 4.870392 18.000000
0.300000 0.166000 4.823274 18.000000
0.300000 0.090000 4.028595 15.000000
0.300000 0.101000 4.359054 16.000000
0.300000 0.120000 4.271381 16.000000
0.300000 0.217000 5.526683 20.000000
0.300000 0.150000 4.541727 17.000000
0.300000 0.156000 5.277454 19.000000
0.300000 0.169000 4.586436 17.000000
0.300000 0.094000 4.190767 15.000000
0.300000 0.142000 4.663359 17.000000
0.300000 0.255000 4.646040 17.000000
0.300000 0.141000 5.053877 18.000000
0.300000 0.228000 5.042113 18.000000
0.300000 0.119000 4.465727 16.000000
0.300000 0.147000 4.888983 18.000000
0.300000 0.231000 4.610399 17.000000
0.300000 0.285000 5.117945 19.000000
0.300000 0.172000 5.635585 20.000000
0.300000 0.178000 4.860500 18.000000
0.300000 0.186000 4.864434 18.000000
0.300000 0.115000 4.636446 17.000000
0.300000 0.169000 4.180271 15.000000
0.300000 0.105000 4.237531 16.000000
0.300000 0.094000 4.122422 15.000000
0.300000 0.103000 4.486801 16.000000
0.300000 0.256000 4.761242 17.000000
0.300000 0.195000 5.282399 19.000000
0.300000 0.098000 4.400801 16.000000
0.300000 0.102000 4.067801 15.000000
0.300000 0.111000 4.507254 17.000000
0.300000 0.219000 4.744858 17.000000
0.300000 0.169000 4.840849 18.000000
0.300000 0.092000 4.075199 15.000000
0.300000 0.118000 4.392836 16.000000
0.300000 0.122000 4.253959 16.000000
0.350000 0.100000 4.246403 14.000000
0.350000 0.101000 4.211991 14.000000
0.350000 0.107000 4.396040 14.000000
0.350000 0.200000 4.419089 14.000000
0.350000 0.097000 4.031986 13.000000
0.350000 0.115000 4.623904 15.000000
0.350000 0.241000 4.462582 14.000000
0.350000 0.172000 4.962512 16.000000
0.350000 0.109000 4.384750 14.000000
0.350000 0.154000 6.220532 19.000000
0.350000 0.158000 4.906598 16.000000
0.350000 0.109000 4.567303 15.000000
0.350000 0.140000 4.352071 14.000000
0.350000 0.130000 4.492380 14.000000
0.350000 0.091000 4.025106 13.000000
0.350000 0.183000 5.207924 16.000000
0.350000 0.132000 4.660660 15.000000
0.350000 0.127000 4.981897 16.000000
0.350000 0.102000 4.257428 14.000000
0.350000 0.130000 4.650768 15.000000
0.350000 0.111000 4.440280 14.000000
0.350000 0.117000 4.428437 14.000000
0.350000 0.172000 5.478362 17.000000
0.350000 0.184000 5.423187 17.000000
0.350000 0.117000 4.565390 15.000000
0.350000 0.340000 5.357714 17.000000
0.350000 0.120000 5.236550 16.000000
0.350000 0.094000 4.152577 13.000000
0.350000 0.161000 4.744504 15.000000
0.350000 0.098000 4.257635 14.000000
0.350000 0.108000 4.305714 14.000000
0.350000 0.147000 4.573223 15.000000
0.350000 0.097000 4.349639 14.000000
0.350000 0.229000 5.800809 18.000000
0.350000 0.115000 4.307704 14.000000
0.350000 0.101000 4.154933 13.000000
0.350000 0.191000 5.081448 16.000000
0.350000 0.102000 4.400543 14.000000
0.350000 0.178000 5.182577 16.000000
0.350000 0.290000 4.997271 16.000000
0.350000 0.098000 4.672266 15.000000
0.350000 0.259000 5.427987 17.000000
0.350000 0.150000 4.878875 15.000000
0.350000 0.432000 8.115973 25.000000
0.350000 0.141000 4.654099 15.000000
0.350000 0.127000 4.627552 15.000000
0.350000 0.156000 4.635794 15.000000
0.350000 0.117000 4.544159 14.000000
0.350000 0.115000 4.776320 15.000000
0.350000 0.162000 4.760189 15.000000
0.400000 0.202000 5.102509 14.000000
0.400000 0.129000 4.338431 12.000000
0.400000 0.114000 4.617421 13.000000
0.400000 0.211000 6.704985 18.000000
0.400000 0.106000 4.188487 12.000000
0.400000 0.203000 6.318011 17.000000
0.400000 0.218000 4.788826 13.000000
0.400000 0.109000 4.524073 13.000000
0.400000 0.126000 4.662950 13.000000
0.400000 0.108000 4.668962 13.000000
0.400000 0.172000 4.605610 13.000000
0.400000 0.106000 4.703598 13.000000
0.400000 0.096000 4.108628 12.000000
0.400000 0.138000 5.232657 15.000000
0.400000 0.156000 4.567218 13.000000
0.400000 0.178000 4.429276 13.000000
0.400000 0.137000 5.985395 16.000000
0.400000 0.187000 4.947025 14.000000
0.400000 0.123000 4.323904 12.000000
0.400000 0.180000 5.403451 15.000000
0.400000 0.121000 4.574352 13.000000
0.400000 0.139000 4.287119 12.000000
0.400000 0.098000 4.225935 12.000000
0.400000 0.146000 4.331508 12.000000
0.400000 0.126000 4.875097 14.000000
0.400000 0.119000 4.266997 12.000000
0.400000 0.202000 5.492892 15.000000
0.400000 0.249000 5.456589 15.000000
0.400000 0.134000 4.505919 13.000000
0.400000 0.244000 6.014077 17.000000
0.400000 0.095000 4.177383 12.000000
0.400000 0.118000 4.340543 12.000000
0.400000 0.099000 4.418425 13.000000
0.400000 0.139000 4.782959 13.000000
0.400000 0.131000 5.003609 14.000000
0.400000 0.117000 4.560372 13.000000
0.400000 0.155000 5.451887 15.000000
0.400000 0.238000 5.489783 15.000000
0.400000 0.105000 4.362725 12.000000
0.400000 0.182000 5.014257 14.000000
0.400000 0.174000 6.152074 17.000000
0.400000 0.132000 4.838562 14.000000
0.400000 0.380000 6.807390 19.000000
0.400000 0.101000 4.448627 13.000000
0.400000 0.138000 4.754652 13.000000
0.400000 0.132000 4.695212 13.000000
0.400000 0.103000 4.450175 13.000000
0.400000 0.118000 4.392146 12.000000
0.400000 0.143000 5.669859 16.000000
0.400000 0.098000 4.230012 12.000000
0.450000 0.167000 5.380874 13.000000
0.450000 0.106000 4.564663 12.000000
0.450000 0.219000 5.228556 13.000000
0.450000 0.142000 4.795796 12.000000
0.450000 0.133000 4.453862 11.000000
0.450000 0.117000 4.462786 11.000000
0.450000 0.185000 5.707693 14.000000
0.450000 0.095000 4.131159 11.000000
0.450000 0.153000 4.639180 12.000000
0.450000 0.099000 4.619088 12.000000
0.450000 0.175000 4.638773 12.000000
0.450000 0.292000 5.569601 14.000000
0.450000 0.139000 6.113711 15.000000
0.450000 0.225000 5.405630 14.000000
0.450000 0.171000 4.934502 12.000000
0.450000 0.133000 5.092718 13.000000
0.450000 0.107000 4.227236 11.000000
0.450000 0.181000 4.500292 12.000000
0.450000 0.189000 4.554673 12.000000
0.450000 0.113000 4.664198 12.000000
0.450000 0.093000 4.471650 11.000000
0.450000 0.266000 6.310353 16.000000
0.450000 0.174000 5.568817 14.000000
0.450000 0.231000 5.457983 14.000000
0.450000 0.116000 4.178269 11.000000
0.450000 0.088000 4.232574 11.000000
0.450000 0.149000 5.849757 14.000000
0.450000 0.320000 5.947034 15.000000
0.450000 0.093000 4.371773 11.000000
0.450000 0.158000 6.626931 16.000000
0.450000 0.140000 4.399754 11.000000
0.450000 0.130000 4.449299 11.000000
0.450000 0.285000 5.103781 13.000000
0.450000 0.159000 5.646654 14.000000
0.450000 0.115000 4.228104 11.000000
0.450000 0.290000 5.415107 14.000000
0.450000 0.293000 5.502868 14.000000
0.450000 0.178000 4.422543 11.000000
0.450000 0.148000 5.646102 14.000000
0.450000 0.164000 5.649856 14.000000
0.450000 0.100000 4.420999 11.000000
0.450000 0.117000 4.158343 11.000000
0.450000 0.280000 6.176533 15.000000
0.450000 0.253000 7.028367 17.000000
0.450000 0.276000 7.009796 17.000000
0.450000 0.486000 5.308609 13.000000
0.450000 0.100000 4.157419 11.000000
0.450000 0.093000 4.253427 11.000000
0.450000 0.113000 4.737176 12.000000
0.450000 0.212000 5.846562 14.000000
0.500000 0.299000 7.190718 16.000000
0.500000 0.273000 5.810920 13.000000
0.500000 0.108000 4.591131 11.000000
0.500000 0.129000 4.262303 10.000000
0.500000 0.137000 5.230864 12.000000
0.500000 0.097000 4.210679 10.000000
0.500000 0.411000 5.649395 13.000000
0.500000 0.190000 5.045916 12.000000
0.500000 0.102000 4.304195 10.000000
0.500000 0.278000 4.815143 11.000000
0.500000 0.286000 7.631407 17.000000
0.500000 0.138000 4.422948 10.000000
0.500000 0.124000 5.839964 13.000000
0.500000 0.155000 5.505239 13.000000
0.500000 0.152000 5.184479 12.000000
0.500000 0.128000 5.630556 13.000000
0.500000 0.146000 4.911596 11.000000
0.500000 0.118000 5.520097 13.000000
0.500000 0.139000 5.953056 13.000000
0.500000 0.179000 5.427853 12.000000
0.500000 0.148000 6.045934 14.000000
0.500000 0.119000 5.066983 12.000000
0.500000 0.104000 4.200050 10.000000
0.500000 0.235000 8.388986 18.000000
0.500000 0.340000 8.654039 19.000000
0.500000 0.156000 4.633227 11.000000
0.500000 0.157000 6.649544 15.000000
0.500000 0.158000 4.775565 11.000000
0.500000 0.184000 6.653165 15.000000
0.500000 0.093000 4.249213 10.000000
0.500000 0.188000 4.145068 10.000000
0.500000 0.152000 4.878947 11.000000
0.500000 0.265000 5.972031 13.000000
0.500000 0.235000 4.588040 11.000000
0.500000 0.097000 4.405386 10.000000
0.500000 0.191000 5.727820 13.000000
0.500000 0.094000 4.436276 10.000000
0.500000 0.162000 4.667311 11.000000
0.500000 0.233000 6.114515 14.000000
0.500000 0.107000 4.522447 11.000000
0.500000 0.116000 4.342337 10.000000
0.500000 0.284000 5.445941 12.000000
0.500000 0.179000 4.381808 10.000000
0.500000 0.105000 4.719368 11.000000
0.500000 0.098000 4.587822 11.000000
0.500000 0.147000 5.029171 12.000000
0.500000 0.234000 6.627067 15.000000
0.500000 0.188000 5.276737 12.000000
0.500000 0.119000 4.892775 11.000000
0.500000 0.113000 4.697127 11.000000
0.550000 0.108000 4.282349 9.000000
0.550000 0.147000 4.701547 10.000000
0.550000 0.166000 4.974444 11.000000
0.550000 0.143000 5.668161 12.000000
0.550000 0.167000 5.501804 12.000000
0.550000 0.092000 4.364666 9.000000
0.550000 0.205000 6.431170 13.000000
0.550000 0.215000 7.254428 15.000000
0.550000 0.104000 4.656231 10.000000
0.550000 0.114000 4.345944 9.000000
0.550000 0.161000 4.651851 10.000000
0.550000 0.154000 5.190514 11.000000
0.550000 0.159000 4.707204 10.000000
0.550000 0.091000 4.285474 9.000000
0.550000 0.105000 4.701102 10.000000
0.550000 0.222000 6.467198 13.000000
0.550000 0.097000 4.059171 9.000000
0.550000 0.145000 5.926198 12.000000
0.550000 0.149000 5.633875 12.000000
0.550000 0.262000 6.927832 14.000000
0.550000 0.106000 4.271118 9.000000
0.550000 0.125000 5.019232 11.000000
0.550000 0.123000 4.629998 10.000000
0.550000 0.092000 4.245325 9.000000
0.550000 0.156000 4.985283 11.000000
0.550000 0.140000 5.162557 11.000000
0.550000 0.295000 5.590877 12.000000
0.550000 0.160000 5.130523 11.000000
0.550000 0.127000 5.450914 11.000000
0.550000 0.224000 6.606611 14.000000
0.550000 0.122000 5.996403 12.000000
0.550000 0.101000 4.129198 9.000000
0.550000 0.095000 4.329169 9.000000
0.550000 0.148000 4.442058 10.000000
0.550000 0.143000 5.582695 12.000000
0.550000 0.256000 8.917127 18.000000
0.550000 0.122000 4.730946 10.000000
0.550000 0.115000 5.085281 11.000000
0.550000 0.144000 5.762236 12.000000
0.550000 0.320000 5.564281 12.000000
0.550000 0.349000 5.190798 11.000000
0.550000 0.094000 4.266648 9.000000
0.550000 0.101000 4.658100 10.000000
0.550000 0.113000 4.638634 10.000000
0.550000 0.116000 4.574712 10.000000
0.550000 0.251000 7.199496 15.000000
0.550000 0.100000 4.566905 10.000000
0.550000 0.099000 4.522123 10.000000
0.550000 0.098000 4.332583 9.000000
0.550000 0.101000 4.620469 10.000000
0.600000 0.093000 4.372266 9.000000
0.600000 0.122000 4.714814 9.000000
0.600000 0.109000 4.572924 9.000000
0.600000 0.186000 5.639905 11.000000
0.600000 0.127000 4.970890 10.000000
0.600000 0.164000 5.332982 10.000000
0.600000 0.218000 5.523955 11.000000
0.600000 0.120000 4.336823 9.000000
0.600000 0.143000 5.457522 11.000000
0.600000 0.115000 4.533129 9.000000
0.600000 0.132000 5.026041 10.000000
0.600000 0.157000 4.946668 10.000000
0.600000 0.180000 5.022520 10.000000
0.600000 0.191000 6.660970 13.000000
0.600000 0.199000 6.094902 12.000000
0.600000 0.271000 5.212406 10.000000
0.600000 0.123000 5.322237 10.000000
0.600000 0.175000 6.432663 12.000000
0.600000 0.143000 5.314253 10.000000
0.600000 0.136000 5.375508 10.000000
0.600000 0.157000 4.858462 10.000000
0.600000 0.163000 4.621871 9.000000
0.600000 0.157000 5.391953 10.000000
0.600000 0.111000 4.542632 9.000000
0.600000 0.106000 4.707158 9.000000
0.600000 0.197000 5.498315 11.000000
0.600000 0.269000 6.052393 12.000000
0.600000 0.129000 5.440008 11.000000
0.600000 0.147000 5.235116 10.000000
0.600000 0.176000 4.912853 10.000000
0.600000 0.164000 5.567400 11.000000
0.600000 0.144000 5.238058 10.000000
0.600000 0.112000 5.030104 10.000000
0.600000 0.286000 5.503558 11.000000
0.600000 0.240000 5.996286 11.000000
0.600000 0.122000 4.201697 9.000000
0.600000 0.095000 4.421686 9.000000
0.600000 0.210000 5.647050 11.000000
0.600000 0.138000 4.400871 9.000000
0.600000 0.103000 4.463851 9.000000
0.600000 0.133000 5.469890 11.000000
0.600000 0.097000 4.344664 9.000000
0.600000 0.101000 4.509422 9.000000
0.600000 0.110000 5.020594 10.000000
0.600000 0.125000 4.755872 9.000000
0.600000 0.164000 4.931488 10.000000
0.600000 0.311000 5.066092 10.000000
0.600000 0.152000 4.999555 10.000000
0.600000 0.103000 4.635721 9.000000
0.600000 0.264000 4.751146 9.000000
0.650000 0.159000 5.293315 10.000000
0.650000 0.115000 4.853534 9.000000
0.650000 0.096000 4.778999 9.000000
0.650000 0.091000 4.385803 8.000000
0.650000 0.184000 5.717875 10.000000
0.650000 0.509000 6.944848 12.000000
0.650000 0.401000 6.257534 11.000000
0.650000 0.087000 4.430570 8.000000
0.650000 0.195000 5.285229 10.000000
0.650000 0.159000 4.808239 9.000000
0.650000 0.180000 4.834038 9.000000
0.650000 0.744000 9.788579 17.000000
0.650000 0.088000 4.414304 8.000000
0.650000 0.299000 4.482900 8.000000
0.650000 0.290000 7.371891 13.000000
0.650000 0.181000 5.602778 10.000000
0.650000 0.155000 5.688390 10.000000
0.650000 0.102000 4.330271 8.000000
0.650000 0.094000 4.187140 8.000000
0.650000 0.474000 7.515763 13.000000
0.650000 0.121000 4.329628 8.000000
0.650000 0.179000 5.063209 9.000000
0.650000 0.113000 4.340611 8.000000
0.650000 0.155000 5.243792 10.000000
0.650000 0.230000 7.878974 14.000000
0.650000 0.164000 5.329877 10.000000
0.650000 0.264000 6.308930 11.000000
0.650000 0.142000 4.628034 9.000000
0.650000 0.124000 5.521765 10.000000
0.650000 0.104000 4.412970 8.000000
0.650000 0.272000 5.407004 10.000000
0.650000 0.152000 5.767768 10.000000
0.650000 0.110000 5.214019 10.000000
0.650000 0.189000 6.654850 12.000000
0.650000 0.185000 5.791177 10.000000
0.650000 0.335000 5.781535 10.000000
0.650000 0.121000 4.539474 8.000000
0.650000 0.105000 4.963757 9.000000
0.650000 0.089000 4.122690 8.000000
0.650000 0.120000 5.148439 9.000000
0.650000 0.234000 5.739271 10.000000
0.650000 0.113000 4.707846 9.000000
0.650000 0.137000 5.593397 10.000000
0.650000 0.185000 5.502431 10.000000
0.650000 0.138000 4.328392 8.000000
0.650000 0.133000 4.716907 9.000000
0.650000 0.254000 5.924172 11.000000
0.650000 0.119000 5.340613 10.000000
0.650000 0.152000 4.775237 9.000000
0.650000 0.109000 5.317069 10.000000
0.700000 0.234000 5.453047 9.000000
0.700000 0.096000 4.561212 8.000000
0.700000 0.091000 4.433289 8.000000
0.700000 0.130000 4.420068 8.000000
0.700000 0.105000 4.872415 8.000000
0.700000 0.111000 5.226173 9.000000
0.700000 0.140000 5.687861 10.000000
0.700000 0.089000 4.457760 8.000000
0.700000 0.143000 5.800586 10.000000
0.700000 0.137000 5.038633 9.000000
0.700000 0.166000 4.425486 8.000000
0.700000 0.092000 4.524745 8.000000
0.700000 0.205000 6.669355 11.000000
0.700000 0.116000 4.478311 8.000000
0.700000 0.136000 4.295997 8.000000
0.700000 0.173000 5.165311 9.000000
0.700000 0.202000 7.140148 12.000000
0.700000 0.194000 4.871678 8.000000
0.700000 0.105000 4.920212 9.000000
0.700000 0.095000 4.532822 8.000000
0.700000 0.116000 5.644798 10.000000
0.700000 0.103000 5.041400 9.000000
0.700000 0.214000 7.602687 12.000000
0.700000 0.105000 4.784755 8.000000
0.700000 0.089000 4.252348 8.000000
0.700000 0.255000 7.443880 12.000000
0.700000 0.137000 5.174969 9.000000
0.700000 0.135000 5.101416 9.000000
0.700000 0.170000 7.021425 12.000000
0.700000 0.196000 6.861119 11.000000
0.700000 0.097000 4.569765 8.000000
0.700000 0.162000 6.143388 10.000000
0.700000 0.164000 5.344659 9.000000
0.700000 0.191000 6.648743 11.000000
0.700000 0.138000 4.990074 9.000000
0.700000 0.307000 8.582395 14.000000
0.700000 0.145000 5.183293 9.000000
0.700000 0.098000 4.709008 8.000000
0.700000 0.097000 4.344691 8.000000
0.700000 0.105000 4.966272 9.000000
0.700000 0.128000 4.569320 8.000000
0.700000 0.222000 4.522481 8.000000
0.700000 0.270000 7.939138 13.000000
0.700000 0.225000 5.710597 10.000000
0.700000 0.200000 4.860788 8.000000
0.700000 0.114000 4.403666 8.000000
0.700000 0.163000 5.881034 10.000000
0.700000 0.329000 8.176769 13.000000
0.700000 0.101000 4.641983 8.000000
0.700000 0.120000 5.592055 9.000000
0.750000 0.216000 6.289459 10.000000
0.750000 0.366000 5.833596 9.000000
0.750000 0.275000 6.886700 11.000000
0.750000 0.171000 5.553589 9.000000
0.750000 0.113000 4.534713 8.000000
0.750000 0.083000 4.032073 7.000000
0.750000 0.183000 5.896419 9.000000
0.750000 0.103000 4.619525 8.000000
0.750000 0.250000 6.823122 11.000000
0.750000 0.120000 5.548808 9.000000
0.750000 0.261000 6.214106 10.000000
0.750000 0.097000 4.473275 7.000000
0.750000 0.111000 4.828230 8.000000
0.750000 0.145000 6.457602 10.000000
0.750000 0.132000 4.789184 8.000000
0.750000 0.187000 5.857566 9.000000
0.750000 0.211000 5.488608 9.000000
0.750000 0.138000 5.118849 8.000000
0.750000 0.156000 6.061790 10.000000
0.750000 0.259000 7.940719 12.000000
0.750000 0.114000 5.463962 9.000000
0.750000 0.099000 4.620935 8.000000
0.750000 0.127000 4.516691 8.000000
0.750000 0.182000 5.151352 8.000000
0.750000 0.210000 5.315762 9.000000
0.750000 0.095000 4.561497 8.000000
0.750000 0.096000 4.654390 8.000000
0.750000 0.098000 4.934779 8.000000
0.750000 0.180000 6.096810 10.000000
0.750000 0.169000 6.379789 10.000000
0.750000 0.117000 4.519033 8.000000
0.750000 0.157000 4.793413 8.000000
0.750000 0.292000 8.013292 12.000000
0.750000 0.086000 4.292166 7.000000
0.750000 0.096000 4.565165 8.000000
0.750000 0.141000 4.839477 8.000000
0.750000 0.150000 6.093486 10.000000
0.750000 0.140000 5.765820 9.000000
0.750000 0.230000 7.783354 12.000000
0.750000 0.125000 4.471993 7.000000
0.750000 0.171000 5.349410 9.000000
0.750000 0.234000 7.751325 12.000000
0.750000 0.094000 4.607544 8.000000
0.750000 0.094000 4.614162 8.000000
0.750000 0.163000 6.962575 11.000000
0.750000 0.093000 4.479023 7.000000
0.750000 0.177000 5.946988 9.000000
0.750000 0.121000 4.849480 8.000000
0.750000 0.220000 6.414398 10.000000
0.750000 0.122000 4.732152 8.000000
0.800000 0.165000 6.303417 9.000000
0.800000 0.117000 4.610426 7.000000
0.800000 0.208000 8.114890 12.000000
0.800000 0.133000 5.359414 8.000000
0.800000 0.100000 4.712891 7.000000
0.800000 0.114000 5.391653 8.000000
0.800000 0.255000 6.527759 10.000000
0.800000 0.115000 5.157330 8.000000
0.800000 0.260000 6.405486 10.000000
0.800000 0.114000 4.427200 7.000000
0.800000 0.136000 5.958720 9.000000
0.800000 0.139000 4.559971 7.000000
0.800000 0.104000 5.393070 8.000000
0.800000 0.523000 9.783825 14.000000
0.800000 0.215000 6.060329 9.000000
0.800000 0.415000 11.129317 15.000000
0.800000 0.384000 6.614661 10.000000
0.800000 0.148000 6.429109 10.000000
0.800000 0.094000 4.621752 7.000000
0.800000 0.367000 7.920603 11.000000
0.800000 0.135000 4.803547 8.000000
0.800000 0.179000 5.678851 9.000000
0.800000 0.099000 4.733761 7.000000
0.800000 0.163000 4.452504 7.000000
0.800000 0.174000 6.278795 9.000000
0.800000 0.097000 4.613006 7.000000
0.800000 0.169000 5.957196 9.000000
0.800000 0.185000 5.903397 9.000000
0.800000 0.092000 4.528895 7.000000
0.800000 0.247000 7.867908 11.000000
0.800000 0.164000 6.080475 9.000000
0.800000 0.275000 8.378203 12.000000
0.800000 0.263000 5.769455 9.000000
0.800000 0.193000 7.924560 11.000000
0.800000 0.105000 4.311081 7.000000
0.800000 0.115000 5.260846 8.000000
0.800000 0.100000 4.652598 7.000000
0.800000 0.166000 5.225048 8.000000
0.800000 0.150000 6.067729 9.000000
0.800000 0.261000 7.903843 11.000000
0.800000 0.186000 5.836382 9.000000
0.800000 0.096000 4.514625 7.000000
0.800000 0.188000 6.923207 10.000000
0.800000 0.120000 4.905848 8.000000
0.800000 0.268000 7.349232 11.000000
0.800000 0.115000 4.915259 8.000000
0.800000 0.096000 4.541334 7.000000
0.800000 0.113000 4.397743 7.000000
0.800000 0.225000 6.653586 10.000000
0.800000 0.178000 4.878376 8.000000
0.850000 0.124000 4.792829 7.000000
0.850000 0.244000 6.487507 9.000000
0.850000 0.409000 7.204671 10.000000
0.850000 0.098000 4.714829 7.000000
0.850000 0.268000 8.098539 11.000000
0.850000 0.208000 5.412372 8.000000
0.850000 0.182000 5.833389 8.000000
0.850000 0.151000 6.341405 9.000000
0.850000 0.115000 5.061747 7.000000
0.850000 0.122000 4.356359 7.000000
0.850000 0.086000 4.417743 7.000000
0.850000 0.288000 6.838006 10.000000
0.850000 0.093000 4.742583 7.000000
0.850000 0.126000 5.371167 8.000000
0.850000 0.118000 5.464391 8.000000
0.850000 0.251000 6.733652 9.000000
0.850000 0.119000 4.767127 7.000000
0.850000 0.093000 4.703711 7.000000
0.850000 0.145000 4.720171 7.000000
0.850000 0.132000 5.219114 8.000000
0.850000 0.186000 6.317901 9.000000
0.850000 0.317000 7.367883 10.000000
0.850000 0.167000 7.247858 10.000000
0.850000 0.114000 5.554917 8.000000
0.850000 0.140000 6.459703 9.000000
0.850000 0.200000 7.442185 10.000000
0.850000 0.147000 5.004674 7.000000
0.850000 0.204000 8.220595 11.000000
0.850000 0.183000 6.721755 9.000000
0.850000 0.203000 7.337358 10.000000
0.850000 0.205000 4.833635 7.000000
0.850000 0.235000 6.878331 10.000000
0.850000 0.117000 5.103817 8.000000
0.850000 0.100000 4.773204 7.000000
0.850000 0.133000 6.214554 9.000000
0.850000 0.108000 5.067648 7.000000
0.850000 0.298000 6.954970 10.000000
0.850000 0.101000 4.867431 7.000000
0.850000 0.178000 5.734144 8.000000
0.850000 0.126000 5.167592 8.000000
0.850000 0.173000 5.603675 8.000000
0.850000 0.292000 8.041953 11.000000
0.850000 0.095000 4.589638 7.000000
0.850000 0.148000 6.038034 9.000000
0.850000 0.115000 4.557391 7.000000
0.850000 0.157000 5.380662 8.000000
0.850000 0.118000 5.515843 8.000000
0.850000 0.093000 4.681540 7.000000
0.850000 0.226000 8.180165 11.000000
0.850000 0.101000 4.824077 7.000000
0.900000 0.211000 6.630602 9.000000
0.900000 0.098000 4.737882 7.000000
0.900000 0.137000 5.746241 8.000000
0.900000 0.101000 4.829318 7.000000
0.900000 0.170000 5.027750 7.000000
0.900000 0.192000 6.313981 9.000000
0.900000 0.094000 4.492876 6.000000
0.900000 0.146000 5.528774 8.000000
0.900000 0.168000 7.021662 9.000000
0.900000 0.111000 5.041014 7.000000
0.900000 0.097000 5.087525 7.000000
0.900000 0.128000 5.478568 8.000000
0.900000 0.221000 6.378957 9.000000
0.900000 0.236000 5.866215 8.000000
0.900000 0.121000 5.772345 8.000000
0.900000 0.179000 5.586869 8.000000
0.900000 0.097000 4.375414 6.000000
0.900000 0.104000 4.250696 6.000000
0.900000 0.420000 9.069085 12.000000
0.900000 0.092000 4.623835 7.000000
0.900000 0.116000 4.810489 7.000000
0.900000 0.148000 4.831888 7.000000
0.900000 0.180000 6.464836 9.000000
0.900000 0.681000 8.691746 11.000000
0.900000 0.105000 4.700381 7.000000
0.900000 0.126000 5.764530 8.000000
0.900000 0.137000 5.396833 7.000000
0.900000 0.110000 5.255632 7.000000
0.900000 0.196000 5.824491 8.000000
0.900000 0.102000 5.159938 7.000000
0.900000 0.098000 5.125258 7.000000
0.900000 0.110000 4.502563 7.000000
0.900000 0.135000 5.373876 7.000000
0.900000 0.149000 6.689170 9.000000
0.900000 0.137000 5.235955 7.000000
0.900000 0.210000 5.606303 8.000000
0.900000 0.114000 4.811677 7.000000
0.900000 0.295000 7.717137 10.000000
0.900000 0.167000 4.988583 7.000000
0.900000 0.586000 5.982582 8.000000
0.900000 0.190000 7.764824 10.000000
0.900000 0.122000 4.412932 6.000000
0.900000 0.112000 4.999085 7.000000
0.900000 0.198000 6.019234 8.000000
0.900000 0.175000 4.944095 7.000000
0.900000 0.095000 4.814648 7.000000
0.900000 0.129000 4.818887 7.000000
0.900000 0.336000 10.374937 13.000000
0.900000 0.934000 11.128573 14.000000
0.900000 0.097000 4.711098 7.000000
0.950000 0.276000 5.092544 7.000000
0.950000 0.089000 4.525401 6.000000
0.950000 0.095000 4.815306 7.000000
0.950000 0.163000 5.609401 7.000000
0.950000 0.103000 4.491296 6.000000
0.950000 0.103000 5.200578 7.000000
0.950000 0.262000 6.312930 8.000000
0.950000 0.115000 4.571689 6.000000
0.950000 0.124000 5.179748 7.000000
0.950000 0.273000 5.960412 8.000000
0.950000 0.157000 7.022197 9.000000
0.950000 0.245000 7.465313 9.000000
0.950000 0.135000 5.514481 7.000000
0.950000 0.134000 6.652789 9.000000
0.950000 0.372000 5.726928 8.000000
0.950000 0.102000 4.949706 7.000000
0.950000 0.137000 6.179915 8.000000
0.950000 0.112000 4.284969 6.000000
0.950000 0.086000 4.262243 6.000000
0.950000 0.180000 7.059731 9.000000
0.950000 0.258000 6.852468 9.000000
0.950000 0.171000 5.270464 7.000000
0.950000 0.092000 4.513356 6.000000
0.950000 0.260000 7.143745 9.000000
0.950000 0.119000 5.444924 7.000000
0.950000 0.087000 4.433829 6.000000
0.950000 0.125000 5.541436 7.000000
0.950000 0.125000 4.525552 6.000000
0.950000 0.151000 5.504142 7.000000
0.950000 0.597000 6.300773 8.000000
0.950000 0.097000 4.590795 6.000000
0.950000 0.410000 6.212239 8.000000
0.950000 0.186000 6.777532 9.000000
0.950000 0.087000 4.402935 6.000000
0.950000 0.130000 5.166436 7.000000
0.950000 0.184000 5.580784 7.000000
0.950000 0.103000 4.803110 7.000000
0.950000 0.100000 4.888334 7.000000
0.950000 0.103000 4.788809 7.000000
0.950000 0.125000 5.369352 7.000000
0.950000 0.128000 4.958066 7.000000
0.950000 0.208000 6.365838 8.000000
0.950000 0.155000 5.368231 7.000000
0.950000 0.137000 5.800580 8.000000
0.950000 0.118000 4.909626 7.000000
0.950000 0.205000 5.333980 7.000000
0.950000 0.178000 5.420223 7.000000
0.950000 0.229000 6.291126 8.000000
0.950000 0.143000 7.302951 9.000000
0.950000 0.109000 5.125392 7.000000
1.000000 0.214000 7.697466 9.000000
1.000000 0.098000 4.807193 6.000000
1.000000 0.265000 7.068029 9.000000
1.000000 0.226000 5.898897 7.000000
1.000000 0.135000 4.849872 6.000000
1.000000 0.118000 4.836854 6.000000
1.000000 0.308000 6.931526 8.000000
1.000000 0.110000 5.347840 7.000000
1.000000 0.234000 5.408011 7.000000
1.000000 0.158000 6.631550 8.000000
1.000000 0.140000 4.944096 6.000000
1.000000 0.189000 5.309138 7.000000
1.000000 0.110000 5.434992 7.000000
1.000000 0.143000 6.338595 8.000000
1.000000 0.117000 5.284039 7.000000
1.000000 0.153000 6.284702 8.000000
1.000000 0.148000 5.508231 7.000000
1.000000 0.141000 6.691309 8.000000
1.000000 0.137000 5.291005 7.000000
1.000000 0.159000 5.414012 7.000000
1.000000 0.209000 6.753002 8.000000
1.000000 0.239000 7.606375 9.000000
1.000000 0.174000 5.108170 7.000000
1.000000 0.131000 4.987345 6.000000
1.000000 0.107000 5.010769 7.000000
1.000000 0.116000 4.716074 6.000000
1.000000 0.325000 8.418175 10.000000
1.000000 0.274000 6.443851 8.000000
1.000000 0.095000 4.990921 6.000000
1.000000 0.096000 4.847357 6.000000
1.000000 0.122000 5.768685 7.000000
1.000000 0.122000 4.884361 6.000000
1.000000 0.155000 6.408319 8.000000
1.000000 0.170000 6.227940 8.000000
1.000000 0.172000 5.907179 7.000000
1.000000 0.134000 5.583461 7.000000
1.000000 0.268000 7.043574 9.000000
1.000000 0.382000 6.546260 8.000000
1.000000 0.275000 8.152516 10.000000
1.000000 0.092000 4.728498 6.000000
1.000000 0.402000 6.228380 8.000000
1.000000 0.330000 4.501635 6.000000
1.000000 0.083000 4.338104 6.000000
1.000000 0.106000 4.622116 6.000000
1.000000 0.085000 4.381579 6.000000
1.000000 0.513000 11.574633 13.000000
1.000000 0.109000 5.033861 7.000000
1.000000 0.150000 6.611013 8.000000
1.000000 0.102000 5.002222 7.000000
1.000000 0.092000 4.614828 6.000000
1.050000 0.269000 7.654254 9.000000
1.050000 0.195000 7.524838 9.000000
1.050000 0.284000 8.214890 9.000000
1.050000 0.141000 5.959332 7.000000
1.050000 0.282000 6.070228 7.000000
1.050000 0.184000 7.387298 9.000000
1.050000 0.382000 7.536939 9.000000
1.050000 0.097000 4.851933 6.000000
1.050000 0.338000 7.698389 9.000000
1.050000 0.088000 4.623617 6.000000
1.050000 0.309000 6.640255 8.000000
1.050000 0.161000 6.617853 8.000000
1.050000 0.251000 6.344556 8.000000
1.050000 0.170000 5.802028 7.000000
1.050000 0.170000 5.499943 7.000000
1.050000 0.144000 5.009058 6.000000
1.050000 0.154000 6.889702 8.000000
1.050000 0.099000 4.852490 6.000000
1.050000 0.091000 4.370719 6.000000
1.050000 0.101000 5.110018 6.000000
1.050000 0.153000 5.225741 6.000000
1.050000 0.285000 6.057938 7.000000
1.050000 0.255000 7.946160 9.000000
1.050000 0.109000 5.435709 7.000000
1.050000 0.240000 6.415028 8.000000
1.050000 0.128000 5.284993 7.000000
1.050000 0.111000 5.412615 7.000000
1.050000 0.656000 7.161979 8.000000
1.050000 0.096000 5.044710 6.000000
1.050000 0.237000 6.167594 7.000000
1.050000 0.114000 4.656560 6.000000
1.050000 0.108000 5.574180 7.000000
1.050000 0.167000 5.956797 7.000000
1.050000 0.107000 5.697096 7.000000
1.050000 0.219000 7.625023 9.000000
1.050000 0.106000 5.281774 7.000000
1.050000 0.102000 5.288602 7.000000
1.050000 0.348000 8.407643 10.000000
1.050000 0.102000 5.494931 7.000000
1.050000 0.114000 5.469653 7.000000
1.050000 0.374000 6.248624 7.000000
1.050000 0.122000 5.318519 7.000000
1.050000 0.210000 7.049917 8.000000
1.050000 0.315000 6.436864 8.000000
1.050000 0.128000 5.259554 7.000000
1.050000 0.277000 6.008140 7.000000
1.050000 0.400000 5.614672 7.000000
1.050000 0.158000 5.509815 7.000000
1.050000 0.113000 5.166277 6.000000
1.050000 0.150000 7.331886 8.000000
1.100000 0.087000 4.640163 6.000000
1.100000 0.263000 9.571702 10.000000
1.100000 0.266000 5.128931 6.000000
1.100000 0.128000 5.253172 6.000000
1.100000 0.283000 6.932392 8.000000
1.100000 0.161000 5.577828 7.000000
1.100000 0.099000 4.941993 6.000000
1.100000 0.210000 7.921505 9.000000
1.100000 0.140000 5.963586 7.000000
1.100000 0.191000 6.874860 8.000000
1.100000 0.128000 6.535640 7.000000
1.100000 0.147000 4.909805 6.000000
1.100000 0.098000 4.975348 6.000000
1.100000 0.144000 4.892074 6.000000
1.100000 0.154000 6.132869 7.000000
1.100000 0.135000 6.965695 8.000000
1.100000 0.106000 5.168425 6.000000
1.100000 0.098000 5.196423 6.000000
1.100000 0.098000 5.157531 6.000000
1.100000 0.179000 6.253435 7.000000
1.100000 0.101000 5.036200 6.000000
1.100000 0.101000 4.878655 6.000000
1.100000 0.278000 6.331948 7.000000
1.100000 0.351000 5.610674 7.000000
1.100000 0.154000 6.280985 7.000000
1.100000 0.134000 4.789004 6.000000
1.100000 0.099000 5.728247 7.000000
1.100000 0.145000 5.240531 6.000000
1.100000 0.236000 6.404824 7.000000
1.100000 0.220000 6.366855 7.000000
1.100000 0.084000 4.328016 5.000000
1.100000 0.173000 6.809504 8.000000
1.100000 0.288000 7.687016 8.000000
1.100000 0.138000 4.800724 6.000000
1.100000 0.228000 8.757026 9.000000
1.100000 0.105000 5.080431 6.000000
1.100000 0.155000 6.478759 7.000000
1.100000 0.117000 5.380168 6.000000
1.100000 0.118000 5.932093 7.000000
1.100000 0.188000 6.008053 7.000000
1.100000 0.361000 6.790704 8.000000
1.100000 0.160000 6.633564 8.000000
1.100000 0.283000 7.394516 8.000000
1.100000 0.154000 6.202501 7.000000
1.100000 0.171000 6.661034 8.000000
1.100000 0.432000 7.436914 8.000000
1.100000 0.102000 5.007137 6.000000
1.100000 0.096000 4.955072 6.000000
1.100000 0.229000 5.627801 7.000000
1.100000 0.103000 5.109351 6.000000
1.150000 0.178000 5.112745 6.000000
1.150000 0.105000 5.077373 6.000000
1.150000 0.129000 5.155724 6.000000
1.150000 0.096000 5.053650 6.000000
1.150000 0.113000 5.052747 6.000000
1.150000 0.372000 7.311271 8.000000
1.150000 0.160000 7.101756 8.000000
1.150000 0.208000 7.199223 8.000000
1.150000 0.132000 6.585798 7.000000
1.150000 0.200000 6.007515 7.000000
1.150000 0.133000 5.093702 6.000000
1.150000 0.571000 6.870671 7.000000
1.150000 0.177000 7.927541 8.000000
1.150000 0.280000 9.833639 10.000000
1.150000 0.129000 5.385493 6.000000
1.150000 0.407000 9.397404 10.000000
1.150000 0.132000 4.968533 6.000000
1.150000 0.232000 5.340270 6.000000
1.150000 0.199000 9.182651 9.000000
1.150000 0.116000 5.762630 7.000000
1.150000 0.117000 5.976382 7.000000
1.150000 0.101000 5.098368 6.000000
1.150000 0.198000 7.189983 8.000000
1.150000 0.139000 7.341207 8.000000
1.150000 0.102000 5.076863 6.000000
1.150000 0.150000 6.450561 7.000000
1.150000 0.216000 7.965482 8.000000
1.150000 0.084000 4.387465 5.000000
1.150000 0.387000 7.188930 8.000000
1.150000 0.105000 5.098537 6.000000
1.150000 0.287000 7.154466 8.000000
1.150000 0.121000 6.342405 7.000000
1.150000 0.104000 5.028783 6.000000
1.150000 0.247000 7.435617 8.000000
1.150000 0.107000 5.413796 6.000000
1.150000 0.202000 6.516913 7.000000
1.150000 0.283000 6.611856 7.000000
1.150000 0.197000 4.855905 6.000000
1.150000 0.130000 4.900920 6.000000
1.150000 0.120000 5.001036 6.000000
1.150000 0.422000 7.035354 8.000000
1.150000 0.178000 7.559810 8.000000
1.150000 0.104000 5.265005 6.000000
1.150000 0.396000 7.959929 8.000000
1.150000 0.216000 7.047300 8.000000
1.150000 0.431000 5.399694 6.000000
1.150000 0.125000 5.640846 6.000000
1.150000 0.127000 5.963580 7.000000
1.150000 0.215000 6.641931 7.000000
1.150000 0.234000 6.468894 7.000000
1.200000 0.158000 5.234029 6.000000
1.200000 0.177000 5.687373 6.000000
1.200000 0.119000 5.804397 6.000000
1.200000 0.119000 5.861596 6.000000
1.200000 0.148000 5.788021 6.000000
1.200000 0.105000 5.154436 6.000000
1.200000 0.157000 5.203294 6.000000
1.200000 0.104000 5.240925 6.000000
1.200000 0.143000 7.126610 7.000000
1.200000 0.096000 4.883144 6.000000
1.200000 0.277000 8.443431 9.000000
1.200000 0.233000 8.743498 9.000000
1.200000 0.108000 5.716012 6.000000
1.200000 0.205000 5.648178 6.000000
1.200000 0.187000 4.966335 6.000000
1.200000 0.136000 6.183391 7.000000
1.200000 0.116000 4.742320 5.000000
1.200000 0.210000 7.921526 8.000000
1.200000 0.158000 6.260121 7.000000
1.200000 0.112000 5.269492 6.000000
1.200000 0.126000 5.837980 6.000000
1.200000 0.207000 6.284449 7.000000
1.200000 0.203000 5.075139 6.000000
1.200000 0.180000 4.951285 6.000000
1.200000 0.131000 5.900631 6.000000
1.200000 0.138000 5.351913 6.000000
1.200000 0.097000 4.960914 6.000000
1.200000 0.199000 5.455136 6.000000
1.200000 0.193000 6.333405 7.000000
1.200000 0.111000 5.270731 6.000000
1.200000 0.128000 5.843356 6.000000
1.200000 0.487000 7.644145 8.000000
1.200000 0.329000 7.365270 8.000000
1.200000 0.169000 6.189322 7.000000
1.200000 0.124000 6.191601 7.000000
1.200000 0.269000 6.966568 7.000000
1.200000 0.115000 5.414936 6.000000
1.200000 0.162000 6.906033 7.000000
1.200000 0.098000 4.367781 5.000000
1.200000 0.176000 5.895877 6.000000
1.200000 0.440000 6.735600 7.000000
1.200000 0.160000 6.372757 7.000000
1.200000 0.217000 6.012574 7.000000
1.200000 0.147000 5.811143 6.000000
1.200000 0.286000 6.051144 7.000000
1.200000 0.238000 7.108805 7.000000
1.200000 0.104000 5.144086 6.000000
1.200000 0.147000 5.595739 6.000000
1.200000 0.152000 5.238535 6.000000
1.200000 0.149000 6.267716 7.000000
1.250000 0.276000 8.635539 8.000000
1.250000 0.164000 7.530207 8.000000
1.250000 0.487000 6.897884 7.000000
1.250000 0.310000 6.537445 7.000000
1.250000 0.302000 7.144601 7.000000
1.250000 0.140000 4.914550 5.000000
1.250000 0.113000 5.941028 6.000000
1.250000 0.132000 5.912519 6.000000
1.250000 0.300000 6.120454 6.000000
1.250000 0.198000 7.953933 8.000000
1.250000 0.110000 4.704397 5.000000
1.250000 0.226000 8.875477 9.000000
1.250000 0.248000 7.821294 8.000000
1.250000 0.292000 5.363784 6.000000
1.250000 0.261000 8.124722 8.000000
1.250000 0.193000 5.820095 6.000000
1.250000 0.120000 5.267963 6.000000
1.250000 0.205000 5.852718 6.000000
1.250000 0.105000 5.251891 6.000000
1.250000 0.139000 5.754791 6.000000
1.250000 0.184000 6.831061 7.000000
1.250000 0.116000 5.191814 6.000000
1.250000 0.160000 6.297733 7.000000
1.250000 0.178000 6.052988 6.000000
1.250000 0.145000 7.200904 7.000000
1.250000 0.153000 5.990453 6.000000
1.250000 0.199000 8.288465 8.000000
1.250000 0.118000 5.314259 6.000000
1.250000 0.099000 5.014563 6.000000
1.250000 0.159000 5.478966 6.000000
1.250000 0.344000 6.934273 7.000000
1.250000 0.121000 5.204874 6.000000
1.250000 0.197000 6.552265 7.000000
1.250000 0.172000 4.916722 5.000000
1.250000 0.383000 6.564486 7.000000
1.250000 0.117000 5.245565 6.000000
1.250000 0.184000 5.368657 6.000000
1.250000 0.196000 6.494521 7.000000
1.250000 0.224000 4.917779 5.000000
1.250000 0.117000 5.582621 6.000000
1.250000 0.181000 6.496577 7.000000
1.250000 0.164000 5.817931 6.000000
1.250000 0.142000 6.498974 7.000000
1.250000 0.174000 6.857713 7.000000
1.250000 0.140000 5.924327 6.000000
1.250000 0.125000 6.134949 6.000000
1.250000 0.109000 5.248339 6.000000
1.250000 0.113000 5.217624 6.000000
1.250000 0.228000 6.575947 7.000000
1.250000 0.128000 5.996921 6.000000
1.300000 0.118000 6.085403 6.000000
1.300000 0.111000 5.352509 6.000000
1.300000 0.158000 6.308020 6.000000
1.300000 0.236000 6.719667 7.000000
1.300000 0.236000 9.222598 9.000000
1.300000 0.245000 5.771875 6.000000
1.300000 0.133000 6.405119 6.000000
1.300000 0.101000 5.022840 5.000000
1.300000 0.160000 6.320359 6.000000
1.300000 0.266000 7.540388 7.000000
1.300000 0.242000 6.920035 7.000000
1.300000 0.104000 5.388075 6.000000
1.300000 0.145000 6.261656 6.000000
1.300000 0.181000 6.780432 7.000000
1.300000 0.114000 5.284715 6.000000
1.300000 0.172000 7.383534 7.000000
1.300000 0.097000 5.133167 5.000000
1.300000 0.158000 5.756542 6.000000
1.300000 0.299000 5.783048 6.000000
1.300000 0.318000 6.371651 6.000000
1.300000 0.142000 6.721669 7.000000
1.300000 0.336000 7.815956 8.000000
1.300000 0.339000 6.467349 6.000000
1.300000 0.104000 5.188501 5.000000
1.300000 0.294000 5.872166 6.000000
1.300000 0.102000 5.239534 6.000000
1.300000 0.195000 6.218780 6.000000
1.300000 0.102000 5.242690 6.000000
1.300000 0.435000 6.246240 6.000000
1.300000 0.473000 7.459275 7.000000
1.300000 0.177000 5.220426 6.000000
1.300000 0.151000 7.016578 7.000000
1.300000 0.157000 6.788179 7.000000
1.300000 0.098000 5.066707 5.000000
1.300000 0.148000 7.461419 7.000000
1.300000 0.103000 5.586917 6.000000
1.300000 0.384000 5.578989 6.000000
1.300000 0.227000 7.219383 7.000000
1.300000 0.590000 5.424156 6.000000
1.300000 0.197000 8.489381 8.000000
1.300000 0.240000 6.704393 7.000000
1.300000 0.197000 7.071767 7.000000
1.300000 0.471000 7.095302 7.000000
1.300000 0.123000 5.911096 6.000000
1.300000 0.117000 5.798061 6.000000
1.300000 0.243000 5.871400 6.000000
1.300000 0.150000 7.595473 7.000000
1.300000 0.122000 5.346993 6.000000
1.300000 0.322000 8.231700 8.000000
1.300000 0.099000 4.820534 5.000000
1.350000 0.165000 5.735647 6.000000
1.350000 0.217000 6.441623 6.000000
1.350000 0.160000 5.590125 6.000000
1.350000 0.225000 7.945661 7.000000
1.350000 0.176000 6.608952 6.000000
1.350000 0.171000 5.030909 5.000000
1.350000 0.308000 7.589909 7.000000
1.350000 0.183000 6.338524 6.000000
1.350000 0.130000 5.803165 6.000000
1.350000 0.119000 5.505987 6.000000
1.350000 0.126000 4.741087 5.000000
1.350000 0.124000 5.374688 5.000000
1.350000 0.178000 6.018461 6.000000
1.350000 0.468000 7.660675 7.000000
1.350000 0.170000 7.556347 7.000000
1.350000 0.131000 6.495930 6.000000
1.350000 0.190000 7.896927 7.000000
1.350000 0.222000 4.763188 5.000000
1.350000 0.108000 5.409973 6.000000
1.350000 0.187000 6.547049 6.000000
1.350000 0.133000 5.201739 5.000000
1.350000 0.246000 6.391210 6.000000
1.350000 0.154000 5.082571 5.000000
1.350000 0.267000 9.012602 8.000000
1.350000 0.114000 5.203040 5.000000
1.350000 0.139000 6.658870 6.000000
1.350000 0.527000 7.286966 7.000000
1.350000 0.549000 9.573075 9.000000
1.350000 0.459000 6.445116 6.000000
1.350000 0.182000 8.425626 8.000000
1.350000 0.229000 8.626995 8.000000
1.350000 0.150000 7.242894 7.000000
1.350000 0.151000 6.234614 6.000000
1.350000 0.640000 7.743265 7.000000
1.350000 0.129000 4.612311 5.000000
1.350000 0.253000 4.215461 5.000000
1.350000 0.099000 4.996478 5.000000
1.350000 0.115000 5.194114 5.000000
1.350000 0.098000 5.042103 5.000000
1.350000 0.803000 7.561338 7.000000
1.350000 0.166000 7.324664 7.000000
1.350000 0.121000 5.492902 6.000000
1.350000 0.289000 10.083539 9.000000
1.350000 0.241000 8.654280 8.000000
1.350000 0.176000 6.479517 6.000000
1.350000 0.274000 5.598807 6.000000
1.350000 0.196000 6.306024 6.000000
1.350000 0.293000 10.911349 10.000000
1.350000 0.108000 5.438625 6.000000
1.350000 0.223000 7.888217 7.000000
1.400000 0.136000 5.496015 5.000000
1.400000 0.178000 5.085028 5.000000
1.400000 0.350000 10.000466 9.000000
1.400000 0.132000 6.579047 6.000000
1.400000 0.160000 6.071818 6.000000
1.400000 0.097000 4.983565 5.000000
1.400000 0.273000 6.598289 6.000000
1.400000 0.165000 7.419970 7.000000
1.400000 0.111000 5.780181 6.000000
1.400000 0.140000 7.332632 7.000000
1.400000 0.683000 8.230212 7.000000
1.400000 0.223000 8.796070 8.000000
1.400000 0.238000 7.453342 7.000000
1.400000 0.132000 5.257840 5.000000
1.400000 0.147000 6.596605 6.000000
1.400000 0.144000 7.392017 7.000000
1.400000 0.151000 5.485988 5.000000
1.400000 0.267000 8.596244 8.000000
1.400000 0.182000 8.955252 8.000000
1.400000 0.272000 5.656178 6.000000
1.400000 0.238000 7.102339 7.000000
1.400000 0.154000 8.176771 7.000000
1.400000 0.117000 6.250866 6.000000
1.400000 0.099000 5.247120 5.000000
1.400000 0.144000 5.957680 6.000000
1.400000 0.297000 8.175152 7.000000
1.400000 0.104000 5.385779 5.000000
1.400000 0.182000 6.542744 6.000000
1.400000 0.318000 6.226623 6.000000
1.400000 0.146000 7.345417 7.000000
1.400000 0.175000 6.521362 6.000000
1.400000 0.662000 7.440739 7.000000
1.400000 0.186000 5.424531 5.000000
1.400000 0.190000 4.970604 5.000000
1.400000 0.171000 6.390609 6.000000
1.400000 0.196000 7.428764 7.000000
1.400000 0.519000 9.547999 8.000000
1.400000 0.277000 8.966257 8.000000
1.400000 0.271000 8.244971 7.000000
1.400000 0.103000 5.111082 5.000000
1.400000 0.134000 4.253631 5.000000
1.400000 0.107000 5.403420 5.000000
1.400000 0.268000 6.264397 6.000000
1.400000 0.336000 9.194536 8.000000
1.400000 0.176000 6.263162 6.000000
1.400000 0.287000 6.712206 6.000000
1.400000 0.177000 6.698622 6.000000
1.400000 0.159000 5.461173 5.000000
1.400000 0.169000 6.074358 6.000000
1.400000 0.336000 6.467790 6.000000
1.450000 0.165000 6.377369 6.000000
1.450000 0.246000 6.072392 6.000000
1.450000 0.152000 5.394613 5.000000
1.450000 0.174000 5.616882 5.000000
1.450000 0.207000 8.116826 7.000000
1.450000 0.132000 6.769467 6.000000
1.450000 0.282000 8.904567 8.000000
1.450000 0.184000 7.278531 7.000000
1.450000 0.100000 5.244059 5.000000
1.450000 0.095000 4.705273 5.000000
1.450000 0.564000 12.430863 10.000000
1.450000 0.112000 6.031556 6.000000
1.450000 0.110000 6.161949 6.000000
1.450000 0.105000 5.278658 5.000000
1.450000 0.112000 5.525687 5.000000
1.450000 0.111000 5.638855 5.000000
1.450000 0.121000 5.229587 5.000000
1.450000 0.162000 6.547122 6.000000
1.450000 0.155000 5.677530 5.000000
1.450000 0.358000 10.002602 8.000000
1.450000 0.344000 8.108248 7.000000
1.450000 0.330000 9.918042 8.000000
1.450000 0.102000 5.482120 5.000000
1.450000 0.379000 7.565708 7.000000
1.450000 0.220000 7.589625 7.000000
1.450000 0.339000 9.889474 8.000000
1.450000 0.291000 9.163584 8.000000
1.450000 0.255000 6.181381 6.000000
1.450000 0.108000 5.436390 5.000000
1.450000 0.112000 5.511987 5.000000
1.450000 0.518000 8.478859 7.000000
1.450000 0.096000 5.050591 5.000000
1.450000 0.214000 6.488330 6.000000
1.450000 0.221000 6.724245 6.000000
1.450000 0.109000 5.714134 5.000000
1.450000 0.178000 6.738029 6.000000
1.450000 0.141000 5.538398 5.000000
1.450000 0.238000 7.126265 6.000000
1.450000 0.101000 5.272479 5.000000
1.450000 0.116000 5.532661 5.000000
1.450000 0.098000 4.578061 5.000000
1.450000 0.174000 8.973508 8.000000
1.450000 0.184000 6.295244 6.000000
1.450000 0.103000 5.076917 5.000000
1.450000 0.198000 5.018751 5.000000
1.450000 0.194000 6.627926 6.000000
1.450000 0.166000 8.300498 7.000000
1.450000 0.638000 11.868418 10.000000
1.450000 0.205000 5.810603 6.000000
1.450000 0.910000 9.137510 8.000000
1.500000 0.117000 6.150556 6.000000
1.500000 0.248000 7.344536 6.000000
1.500000 0.278000 10.257269 8.000000
1.500000 0.278000 6.686401 6.000000
1.500000 0.160000 6.323187 6.000000
1.500000 0.135000 5.503254 5.000000
1.500000 0.120000 5.535029 5.000000
1.500000 0.121000 5.629876 5.000000
1.500000 0.342000 6.708740 6.000000
1.500000 0.109000 5.812724 5.000000
1.500000 0.127000 6.417570 6.000000
1.500000 0.201000 5.668049 5.000000
1.500000 0.149000 7.208590 6.000000
1.500000 0.111000 5.673809 5.000000
1.500000 0.169000 6.567149 6.000000
1.500000 0.538000 9.550780 8.000000
1.500000 0.247000 9.765634 8.000000
1.500000 0.173000 8.168638 7.000000
1.500000 0.102000 5.467187 5.000000
1.500000 0.123000 5.709192 5.000000
1.500000 0.165000 8.109432 7.000000
1.500000 0.171000 6.137792 6.000000
1.500000 0.223000 5.580918 5.000000
1.500000 0.149000 6.250248 6.000000
1.500000 0.234000 8.118559 7.000000
1.500000 0.238000 7.590723 7.000000
1.500000 0.169000 6.690795 6.000000
1.500000 0.296000 8.879522 7.000000
1.500000 0.117000 5.657252 5.000000
1.500000 0.226000 8.378085 7.000000
1.500000 0.104000 5.477468 5.000000
1.500000 0.100000 4.910422 5.000000
1.500000 0.195000 6.852444 6.000000
1.500000 0.300000 9.237270 8.000000
1.500000 0.191000 6.310993 6.000000
1.500000 0.456000 7.639174 7.000000
1.500000 0.436000 11.081521 9.000000
1.500000 0.367000 8.121970 7.000000
1.500000 0.131000 6.943742 6.000000
1.500000 0.326000 9.005218 8.000000
1.500000 0.449000 11.913075 9.000000
1.500000 0.230000 6.516347 6.000000
1.500000 0.184000 6.271076 6.000000
1.500000 0.125000 6.813920 6.000000
1.500000 0.256000 8.180067 7.000000
1.500000 0.280000 7.724110 7.000000
1.500000 0.095000 5.131942 5.000000
1.500000 0.107000 5.475795 5.000000
1.500000 0.179000 6.656380 6.000000
1.500000 0.144000 6.002252 6.000000
1.550000 0.245000 6.802996 6.000000
1.550000 0.597000 10.116968 8.000000
1.550000 0.472000 7.192193 6.000000
1.550000 0.112000 5.663619 5.000000
1.550000 0.202000 8.915203 7.000000
1.550000 0.105000 5.589576 5.000000
1.550000 0.124000 6.291441 6.000000
1.550000 0.089000 4.997776 5.000000
1.550000 0.129000 7.254680 6.000000
1.550000 0.106000 5.657242 5.000000
1.550000 0.140000 5.437105 5.000000
1.550000 0.199000 7.758560 7.000000
1.550000 0.101000 5.582222 5.000000
1.550000 0.125000 6.988832 6.000000
1.550000 0.137000 5.480323 5.000000
1.550000 0.151000 7.456360 6.000000
1.550000 0.181000 6.593618 6.000000
1.550000 0.307000 6.544310 6.000000
1.550000 0.106000 5.560616 5.000000
1.550000 0.093000 4.907673 5.000000
1.550000 0.199000 7.504511 6.000000
1.550000 0.124000 5.702483 5.000000
1.550000 0.155000 6.171928 5.000000
1.550000 0.163000 6.454266 6.000000
1.550000 0.092000 5.006339 5.000000
1.550000 0.327000 9.900724 8.000000
1.550000 0.250000 8.302835 7.000000
1.550000 0.111000 5.796666 5.000000
1.550000 0.100000 5.446886 5.000000
1.550000 0.154000 7.333876 6.000000
1.550000 0.203000 8.967547 7.000000
1.550000 0.417000 11.579857 9.000000
1.550000 0.388000 7.477192 6.000000
1.550000 0.104000 5.244125 5.000000
1.550000 0.483000 9.232350 7.000000
1.550000 0.169000 7.905596 7.000000
1.550000 0.510000 8.243718 7.000000
1.550000 0.104000 5.588025 5.000000
1.550000 0.094000 5.236408 5.000000
1.550000 0.215000 8.162960 7.000000
1.550000 0.213000 9.025845 7.000000
1.550000 0.163000 5.733396 5.000000
1.550000 0.236000 7.993287 7.000000
1.550000 0.125000 6.891988 6.000000
1.550000 0.140000 6.461505 6.000000
1.550000 0.254000 8.684325 7.000000
1.550000 0.204000 7.074505 6.000000
1.550000 0.113000 5.286567 5.000000
1.550000 0.203000 7.276659 6.000000
1.550000 0.185000 5.762123 5.000000
1.600000 0.158000 5.680183 5.000000
1.600000 0.150000 6.390506 5.000000
1.600000 0.206000 7.679641 6.000000
1.600000 0.592000 7.674834 6.000000
1.600000 0.105000 5.616925 5.000000
1.600000 0.163000 7.755346 6.000000
1.600000 0.132000 7.163071 6.000000
1.600000 0.215000 5.790554 5.000000
1.600000 0.142000 6.049176 5.000000
1.600000 0.179000 5.880118 5.000000
1.600000 0.108000 5.742238 5.000000
1.600000 0.186000 7.720623 6.000000
1.600000 0.223000 7.152716 6.000000
1.600000 0.219000 8.499712 7.000000
1.600000 0.144000 6.930576 6.000000
1.600000 0.119000 7.034437 6.000000
1.600000 0.211000 7.284074 6.000000
1.600000 0.184000 6.390224 5.000000
1.600000 0.104000 5.418775 5.000000
1.600000 0.288000 6.310112 5.000000
1.600000 0.142000 5.867399 5.000000
1.600000 0.083000 4.571934 4.000000
1.600000 0.178000 6.626304 6.000000
1.600000 0.149000 5.712378 5.000000
1.600000 0.133000 7.126568 6.000000
1.600000 0.160000 6.737786 6.000000
1.600000 0.190000 9.196278 7.000000
1.600000 0.106000 5.631224 5.000000
1.600000 0.104000 5.544172 5.000000
1.600000 0.137000 7.076032 6.000000
1.600000 0.114000 5.495097 5.000000
1.600000 0.099000 5.564981 5.000000
1.600000 0.134000 7.029678 6.000000
1.600000 0.292000 7.386213 6.000000
1.600000 0.502000 10.616481 8.000000
1.600000 0.227000 8.404699 7.000000
1.600000 0.176000 8.130752 7.000000
1.600000 0.134000 5.443629 5.000000
1.600000 0.185000 6.340882 5.000000
1.600000 0.117000 5.778571 5.000000
1.600000 0.109000 5.623592 5.000000
1.600000 0.175000 5.775585 5.000000
1.600000 0.144000 5.850829 5.000000
1.600000 0.162000 7.226198 6.000000
1.600000 0.145000 5.712133 5.000000
1.600000 0.105000 5.811712 5.000000
1.600000 0.267000 9.799217 8.000000
1.600000 0.310000 11.307291 9.000000
1.600000 0.099000 5.595155 5.000000
1.600000 0.312000 10.507302 8.000000
1.650000 0.130000 7.085116 6.000000
1.650000 0.194000 5.862614 5.000000
1.650000 0.169000 5.622761 5.000000
1.650000 0.105000 5.793991 5.000000
1.650000 0.096000 5.357084 5.000000
1.650000 0.224000 7.229798 6.000000
1.650000 0.208000 6.224287 5.000000
1.650000 0.292000 7.870888 6.000000
1.650000 0.138000 6.216329 5.000000
1.650000 0.187000 8.711213 7.000000
1.650000 0.103000 5.489087 5.000000
1.650000 0.663000 7.200466 6.000000
1.650000 0.359000 11.324825 8.000000
1.650000 0.133000 6.702624 6.000000
1.650000 0.107000 5.809656 5.000000
1.650000 0.172000 7.584798 6.000000
1.650000 0.146000 6.972613 6.000000
1.650000 0.158000 6.443961 5.000000
1.650000 0.114000 5.850031 5.000000
1.650000 0.267000 7.539270 6.000000
1.650000 0.107000 5.879190 5.000000
1.650000 0.141000 5.955587 5.000000
1.650000 0.200000 6.825624 6.000000
1.650000 0.149000 5.787486 5.000000
1.650000 0.616000 6.267815 5.000000
1.650000 0.554000 10.491202 8.000000
1.650000 0.095000 5.099462 5.000000
1.650000 0.223000 6.019741 5.000000
1.650000 0.194000 6.982201 6.000000
1.650000 0.179000 6.275307 5.000000
1.650000 0.112000 5.781721 5.000000
1.650000 0.184000 6.315337 5.000000
1.650000 0.102000 5.614785 5.000000
1.650000 0.105000 5.681051 5.000000
1.650000 0.140000 5.854986 5.000000
1.650000 0.113000 5.720221 5.000000
1.650000 0.375000 8.881576 7.000000
1.650000 0.112000 5.871966 5.000000
1.650000 0.406000 6.500731 5.000000
1.650000 0.186000 7.659102 6.000000
1.650000 0.097000 5.232369 5.000000
1.650000 0.187000 8.066138 6.000000
1.650000 0.462000 6.565956 5.000000
1.650000 0.144000 5.548681 5.000000
1.650000 0.118000 6.038478 5.000000
1.650000 0.096000 5.602084 5.000000
1.650000 0.099000 5.614565 5.000000
1.650000 0.268000 11.696810 9.000000
1.650000 0.092000 5.023423 5.000000
1.650000 0.128000 7.249141 6.000000
1.700000 0.186000 5.682376 5.000000
1.700000 0.166000 5.994705 5.000000
1.700000 0.337000 8.588011 7.000000
1.700000 0.136000 5.712225 5.000000
1.700000 0.145000 7.352644 6.000000
1.700000 0.576000 8.337038 6.000000
1.700000 0.123000 6.001276 5.000000
1.700000 0.231000 6.990081 6.000000
1.700000 0.131000 7.166780 6.000000
1.700000 0.119000 6.473280 5.000000
1.700000 0.146000 7.237159 6.000000
1.700000 0.295000 9.452928 7.000000
1.700000 0.307000 8.425457 6.000000
1.700000 0.147000 5.991088 5.000000
1.700000 0.117000 5.957715 5.000000
1.700000 0.095000 5.108857 5.000000
1.700000 0.225000 7.506420 6.000000
1.700000 0.126000 5.107128 5.000000
1.700000 0.113000 6.168271 5.000000
1.700000 0.250000 10.219937 8.000000
1.700000 0.085000 4.843121 4.000000
1.700000 0.155000 6.695858 5.000000
1.700000 0.361000 10.541190 8.000000
1.700000 0.104000 5.803199 5.000000
1.700000 0.220000 8.427844 6.000000
1.700000 0.218000 5.856064 5.000000
1.700000 0.323000 5.511746 5.000000
1.700000 0.600000 9.301062 7.000000
1.700000 0.107000 6.331908 5.000000
1.700000 0.148000 5.776359 5.000000
1.700000 0.137000 7.213664 6.000000
1.700000 0.135000 6.028948 5.000000
1.700000 0.319000 7.970084 6.000000
1.700000 0.179000 5.868990 5.000000
1.700000 0.237000 7.275140 6.000000
1.700000 0.142000 5.521818 5.000000
1.700000 0.181000 7.207502 6.000000
1.700000 0.132000 7.978978 6.000000
1.700000 0.405000 8.414680 6.000000
1.700000 0.682000 10.619230 8.000000
1.700000 0.143000 7.826074 6.000000
1.700000 0.114000 6.323054 5.000000
1.700000 0.372000 13.624873 10.000000
1.700000 0.208000 6.156720 5.000000
1.700000 0.109000 5.691510 5.000000
1.700000 0.464000 8.335096 6.000000
1.700000 0.227000 9.424599 7.000000
1.700000 0.099000 5.151123 5.000000
1.700000 0.113000 5.932808 5.000000
1.700000 0.107000 5.654630 5.000000
1.750000 0.150000 7.587348 6.000000
1.750000 0.165000 6.706964 5.000000
1.750000 0.134000 5.650739 5.000000
1.750000 0.348000 7.616837 6.000000
1.750000 0.133000 7.230510 6.000000
1.750000 0.129000 5.249202 4.000000
1.750000 0.342000 8.745778 6.000000
1.750000 0.276000 6.100556 5.000000
1.750000 0.214000 7.077496 6.000000
1.750000 0.234000 8.822907 7.000000
1.750000 0.108000 5.614662 5.000000
1.750000 0.511000 13.460014 9.000000
1.750000 0.221000 6.761318 5.000000
1.750000 0.104000 5.631533 5.000000
1.750000 0.151000 6.612280 5.000000
1.750000 0.109000 5.867137 5.000000
1.750000 0.178000 6.088842 5.000000
1.750000 0.224000 6.885260 5.000000
1.750000 0.106000 5.937027 5.000000
1.750000 0.183000 9.460314 7.000000
1.750000 0.648000 15.690130 10.000000
1.750000 0.099000 5.498321 5.000000
1.750000 0.136000 5.539637 5.000000
1.750000 0.098000 5.280166 5.000000
1.750000 0.319000 7.707783 6.000000
1.750000 0.215000 9.491107 7.000000
1.750000 0.110000 6.124241 5.000000
1.750000 0.341000 6.116342 5.000000
1.750000 0.176000 6.996613 5.000000
1.750000 0.144000 5.860984 5.000000
1.750000 0.111000 5.957089 5.000000
1.750000 0.179000 7.219680 6.000000
1.750000 0.240000 10.220810 7.000000
1.750000 0.199000 6.137591 5.000000
1.750000 0.298000 10.701839 8.000000
1.750000 0.309000 9.480021 7.000000
1.750000 0.131000 7.181256 6.000000
1.750000 0.372000 15.578605 10.000000
1.750000 0.103000 5.560395 5.000000
1.750000 0.355000 7.687196 6.000000
1.750000 0.703000 7.995360 6.000000
1.750000 0.102000 5.687171 5.000000
1.750000 0.200000 10.997485 8.000000
1.750000 0.125000 6.042818 5.000000
1.750000 0.454000 8.451518 6.000000
1.750000 0.242000 6.093438 5.000000
1.750000 0.094000 5.039335 4.000000
1.750000 0.403000 8.163220 6.000000
1.750000 0.219000 8.662894 6.000000
1.750000 0.144000 6.802865 5.000000
1.800000 0.101000 5.822454 5.000000
1.800000 0.176000 6.470485 5.000000
1.800000 0.183000 9.478180 7.000000
1.800000 0.316000 9.861289 7.000000
1.800000 0.104000 5.779834 5.000000
1.800000 0.351000 9.816490 7.000000
1.800000 0.106000 5.693705 5.000000
1.800000 0.093000 5.609017 5.000000
1.800000 0.154000 6.779429 5.000000
1.800000 0.275000 7.515599 6.000000
1.800000 0.107000 5.913079 5.000000
1.800000 0.329000 9.451302 7.000000
1.800000 0.287000 6.808578 5.000000
1.800000 0.211000 6.794009 5.000000
1.800000 0.264000 8.551628 6.000000
1.800000 0.111000 7.145134 5.000000
1.800000 0.106000 5.915609 5.000000
1.800000 0.291000 9.731148 7.000000
1.800000 0.129000 6.635621 5.000000
1.800000 0.611000 8.862616 6.000000
1.800000 0.313000 14.264835 9.000000
1.800000 0.163000 6.992479 5.000000
1.800000 0.088000 5.072455 4.000000
1.800000 0.095000 5.477141 5.000000
1.800000 0.198000 6.298372 5.000000
1.800000 0.240000 6.295837 5.000000
1.800000 0.217000 6.818947 5.000000
1.800000 0.203000 6.597124 5.000000
1.800000 0.144000 6.018877 5.000000
1.800000 0.097000 5.840168 5.000000
1.800000 0.107000 6.000333 5.000000
1.800000 0.367000 6.741831 5.000000
1.800000 0.167000 7.050418 5.000000
1.800000 0.167000 7.336062 6.000000
1.800000 0.248000 8.672397 6.000000
1.800000 0.295000 10.528352 7.000000
1.800000 0.297000 11.966895 8.000000
1.800000 0.095000 5.144993 4.000000
1.800000 0.117000 5.993518 5.000000
1.800000 0.119000 6.001380 5.000000
1.800000 0.321000 10.618317 7.000000
1.800000 0.239000 7.139895 5.000000
1.800000 0.387000 12.087946 8.000000
1.800000 0.108000 6.007967 5.000000
1.800000 0.178000 7.212863 6.000000
1.800000 0.172000 6.975114 5.000000
1.800000 0.208000 7.208348 6.000000
1.800000 0.285000 7.969461 6.000000
1.800000 0.111000 5.994006 5.000000
1.800000 0.102000 5.852916 5.000000
1.850000 0.548000 12.506514 8.000000
1.850000 0.179000 5.627868 5.000000
1.850000 0.166000 7.788455 6.000000
1.850000 0.127000 6.936908 5.000000
1.850000 0.208000 6.543196 5.000000
1.850000 0.279000 9.223653 6.000000
1.850000 0.680000 11.315446 8.000000
1.850000 0.271000 10.906985 7.000000
1.850000 0.140000 8.132018 6.000000
1.850000 0.349000 10.415770 7.000000
1.850000 0.107000 5.887918 5.000000
1.850000 0.284000 9.475868 7.000000
1.850000 0.109000 6.109267 5.000000
1.850000 0.133000 7.052142 5.000000
1.850000 0.320000 7.055970 5.000000
1.850000 0.797000 10.128434 7.000000
1.850000 0.106000 5.868608 5.000000
1.850000 0.205000 6.114105 5.000000
1.850000 0.104000 5.980705 5.000000
1.850000 0.232000 6.475558 5.000000
1.850000 0.113000 6.075241 5.000000
1.850000 0.110000 6.181551 5.000000
1.850000 0.108000 6.348333 5.000000
1.850000 0.138000 7.497871 6.000000
1.850000 0.181000 8.938508 6.000000
1.850000 0.110000 5.876342 5.000000
1.850000 0.394000 7.108664 5.000000
1.850000 0.326000 9.716861 7.000000
1.850000 0.126000 7.354499 5.000000
1.850000 0.248000 7.216043 5.000000
1.850000 0.235000 11.039560 7.000000
1.850000 0.125000 5.906152 5.000000
1.850000 0.399000 5.255529 5.000000
1.850000 0.167000 7.900905 6.000000
1.850000 0.171000 5.742056 5.000000
1.850000 0.093000 5.569416 5.000000
1.850000 0.202000 8.750050 6.000000
1.850000 0.314000 9.497200 7.000000
1.850000 0.132000 6.481311 5.000000
1.850000 0.138000 5.966751 5.000000
1.850000 0.116000 6.200158 5.000000
1.850000 0.184000 6.898217 5.000000
1.850000 0.608000 8.145959 6.000000
1.850000 0.272000 9.727345 7.000000
1.850000 0.217000 5.718185 5.000000
1.850000 0.153000 6.083833 5.000000
1.850000 0.140000 7.662014 6.000000
1.850000 0.116000 6.159566 5.000000
1.850000 0.189000 6.770654 5.000000
1.850000 0.190000 7.321382 5.000000
1.900000 0.129000 6.036677 5.000000
1.900000 0.147000 8.167012 6.000000
1.900000 0.491000 6.473970 5.000000
1.900000 0.133000 6.220783 5.000000
1.900000 0.203000 10.645395 7.000000
1.900000 0.120000 6.409301 5.000000
1.900000 0.141000 7.898870 6.000000
1.900000 0.206000 4.825016 4.000000
1.900000 0.118000 6.329816 5.000000
1.900000 0.091000 5.650129 4.000000
1.900000 0.300000 10.504106 7.000000
1.900000 0.141000 7.952976 6.000000
1.900000 0.195000 7.722585 6.000000
1.900000 0.112000 5.917946 5.000000
1.900000 0.126000 6.680834 5.000000
1.900000 0.752000 5.818809 5.000000
1.900000 0.270000 6.771833 5.000000
1.900000 0.139000 7.677991 6.000000
1.900000 0.108000 6.420537 5.000000
1.900000 0.206000 8.065615 6.000000
1.900000 0.108000 5.869659 5.000000
1.900000 0.240000 10.945516 7.000000
1.900000 0.110000 7.099619 5.000000
1.900000 0.106000 5.705019 5.000000
1.900000 0.307000 8.961949 6.000000
1.900000 0.308000 7.717242 6.000000
1.900000 0.428000 8.823287 6.000000
1.900000 0.548000 8.139201 6.000000
1.900000 0.106000 5.984310 5.000000
1.900000 0.398000 6.196049 5.000000
1.900000 0.092000 5.352918 4.000000
1.900000 0.227000 11.465319 8.000000
1.900000 0.402000 10.751012 7.000000
1.900000 0.113000 6.457381 5.000000
1.900000 0.319000 6.616586 5.000000
1.900000 0.156000 8.194864 6.000000
1.900000 0.486000 7.414707 5.000000
1.900000 0.419000 10.534017 7.000000
1.900000 0.275000 7.538240 5.000000
1.900000 0.099000 5.726448 5.000000
1.900000 0.109000 6.169984 5.000000
1.900000 0.110000 6.108941 5.000000
1.900000 0.288000 10.927112 7.000000
1.900000 0.105000 6.031267 5.000000
1.900000 0.232000 8.087045 6.000000
1.900000 0.126000 7.287158 5.000000
1.900000 0.220000 6.171931 5.000000
1.900000 0.120000 6.776033 5.000000
1.900000 0.110000 6.301049 5.000000
1.900000 0.547000 7.666594 6.000000
1.950000 0.529000 8.041936 6.000000
1.950000 0.105000 6.067555 5.000000
1.950000 0.109000 5.868379 5.000000
1.950000 0.576000 4.954499 4.000000
1.950000 0.166000 7.658014 5.000000
1.950000 0.113000 6.228975 5.000000
1.950000 0.098000 5.772612 4.000000
1.950000 0.231000 7.808767 6.000000
1.950000 0.307000 7.681972 5.000000
1.950000 0.113000 6.450930 5.000000
1.950000 0.118000 6.184043 5.000000
1.950000 0.108000 6.022862 5.000000
1.950000 0.121000 4.912718 4.000000
1.950000 0.099000 5.594314 4.000000
1.950000 0.225000 5.281691 4.000000
1.950000 0.130000 7.034089 5.000000
1.950000 0.186000 8.705081 6.000000
1.950000 0.520000 13.453862 8.000000
1.950000 0.196000 6.247131 5.000000
1.950000 0.109000 6.255906 5.000000
1.950000 0.161000 5.851482 5.000000
1.950000 0.238000 11.235224 7.000000
1.950000 0.171000 6.028064 5.000000
1.950000 0.157000 6.454092 5.000000
1.950000 0.112000 6.337385 5.000000
1.950000 0.138000 7.828369 6.000000
1.950000 0.281000 14.398503 9.000000
1.950000 0.142000 7.415180 5.000000
1.950000 0.273000 9.844529 7.000000
1.950000 0.131000 6.968710 5.000000
1.950000 0.081000 4.979831 4.000000
1.950000 0.176000 9.395220 6.000000
1.950000 0.552000 11.999095 8.000000
1.950000 0.108000 6.255976 5.000000
1.950000 0.116000 6.274732 5.000000
1.950000 0.088000 5.010706 4.000000
1.950000 0.206000 5.199079 4.000000
1.950000 0.111000 6.395614 5.000000
1.950000 0.112000 6.262969 5.000000
1.950000 0.201000 9.210002 6.000000
1.950000 0.405000 9.159148 6.000000
1.950000 0.246000 8.152733 6.000000
1.950000 0.106000 5.956714 5.000000
1.950000 0.556000 8.232044 6.000000
1.950000 0.138000 7.027956 5.000000
1.950000 0.398000 12.096760 8.000000
1.950000 0.344000 8.162228 6.000000
1.950000 0.401000 9.582977 6.000000
1.950000 0.589000 10.503477 7.000000
1.950000 0.280000 8.698527 6.000000
2.000000 0.110000 6.293069 5.000000
2.000000 0.310000 8.368114 6.000000
2.000000 0.106000 6.204407 5.000000
2.000000 0.199000 6.260142 5.000000
2.000000 0.104000 6.187287 5.000000
2.000000 0.114000 6.265511 5.000000
2.000000 0.105000 6.281358 5.000000
2.000000 0.116000 6.293228 5.000000
2.000000 0.479000 6.451059 5.000000
2.000000 0.112000 6.407549 5.000000
2.000000 0.215000 8.636766 6.000000
2.000000 0.204000 6.045304 5.000000
2.000000 0.354000 13.821263 8.000000
2.000000 0.106000 6.154302 5.000000
2.000000 0.202000 6.207799 5.000000
2.000000 0.203000 10.216031 7.000000
2.000000 0.530000 14.182201 9.000000
2.000000 0.147000 5.955646 4.000000
2.000000 0.155000 7.429673 5.000000
2.000000 0.108000 6.113969 5.000000
2.000000 0.114000 6.467850 5.000000
2.000000 0.114000 6.385588 5.000000
2.000000 0.176000 7.537414 5.000000
2.000000 0.138000 7.186761 5.000000
2.000000 0.243000 6.279704 5.000000
2.000000 0.395000 7.791983 5.000000
2.000000 0.457000 14.227033 9.000000
2.000000 0.126000 7.386125 5.000000
2.000000 0.189000 7.726175 5.000000
2.000000 0.122000 6.036878 5.000000
2.000000 0.180000 8.812035 6.000000
2.000000 0.179000 7.581856 5.000000
2.000000 0.108000 6.183720 5.000000
2.000000 0.124000 7.027728 5.000000
2.000000 0.238000 6.542978 5.000000
2.000000 0.245000 9.039536 6.000000
2.000000 0.273000 9.562128 6.000000
2.000000 0.225000 8.053840 6.000000
2.000000 0.353000 6.310435 5.000000
2.000000 0.148000 8.480335 6.000000
2.000000 0.173000 6.395723 5.000000
2.000000 0.112000 6.658594 5.000000
2.000000 0.299000 9.781243 6.000000
2.000000 0.089000 5.620862 4.000000
2.000000 0.160000 9.053643 6.000000
2.000000 0.124000 6.729887 5.000000
2.000000 0.095000 5.762071 4.000000
2.000000 0.152000 6.205650 5.000000
2.000000 0.082000 4.423305 4.000000
2.000000 0.281000 6.912681 5.000000
