0.100000 0.367000 4.380097 45.000000
0.100000 0.606000 4.522865 47.000000
0.100000 0.665000 5.716364 59.000000
0.100000 0.243000 4.238226 44.000000
0.100000 0.275000 4.043505 42.000000
0.100000 0.266000 4.309745 45.000000
0.100000 0.419000 4.744570 49.000000
0.100000 0.307000 5.759102 59.000000
0.100000 0.446000 5.304024 55.000000
0.100000 0.168000 3.892298 40.000000
0.100000 0.402000 4.587079 47.000000
0.100000 0.623000 5.613402 58.000000
0.100000 0.616000 5.037674 52.000000
0.100000 0.414000 5.209945 54.000000
0.100000 0.300000 4.879993 50.000000
0.100000 0.314000 4.128924 43.000000
0.100000 0.632000 4.539321 47.000000
0.100000 1.424000 7.121043 73.000000
0.100000 0.494000 4.814675 50.000000
0.100000 0.326000 4.191876 43.000000
0.100000 0.336000 3.933481 41.000000
0.100000 0.366000 4.725067 49.000000
0.100000 0.734000 5.318923 55.000000
0.100000 0.491000 5.923180 61.000000
0.100000 0.389000 4.719440 49.000000
0.100000 0.627000 4.422945 46.000000
0.100000 0.360000 4.237275 44.000000
0.100000 0.372000 4.416813 46.000000
0.100000 0.260000 4.238429 44.000000
0.100000 0.266000 4.243748 44.000000
0.200000 0.501000 4.159639 22.000000
0.200000 0.235000 4.606715 25.000000
0.200000 0.361000 4.382012 23.000000
0.200000 0.189000 4.900621 26.000000
0.200000 0.153000 4.194421 22.000000
0.200000 0.186000 4.423166 24.000000
0.200000 0.510000 5.094919 27.000000
0.200000 0.210000 3.907406 21.000000
0.200000 0.230000 4.679743 25.000000
0.200000 0.179000 4.571882 24.000000
0.200000 0.707000 6.251532 33.000000
0.200000 0.729000 4.636120 25.000000
0.200000 0.215000 4.309744 23.000000
0.200000 0.190000 4.220456 23.000000
0.200000 0.398000 6.235993 33.000000
0.200000 0.484000 5.239122 28.000000
0.200000 0.174000 4.413139 24.000000
0.200000 0.223000 3.981210 21.000000
0.200000 0.191000 4.233352 23.000000
0.200000 0.142000 3.981398 21.000000
0.200000 0.183000 5.187417 27.000000
0.200000 0.364000 4.503138 24.000000
0.200000 0.307000 4.260705 23.000000
0.200000 0.304000 5.204487 28.000000
0.200000 0.506000 7.509640 39.000000
0.200000 0.196000 4.209317 23.000000
0.200000 0.264000 4.591606 24.000000
0.200000 0.688000 8.659046 45.000000
0.200000 0.269000 4.655136 25.000000
0.200000 0.435000 6.682043 35.000000
0.300000 0.129000 4.264944 16.000000
0.300000 0.164000 4.512103 17.000000
0.300000 0.106000 3.966900 15.000000
0.300000 0.480000 5.120465 19.000000
0.300000 0.240000 5.733418 21.000000
0.300000 0.321000 5.406191 20.000000
0.300000 0.190000 4.769329 17.000000
0.300000 0.145000 3.984795 15.000000
0.300000 0.183000 4.282958 16.000000
0.300000 0.108000 4.186612 15.000000
0.300000 0.163000 4.567509 17.000000
0.300000 0.113000 3.994425 15.000000
0.300000 0.289000 5.738253 21.000000
0.300000 0.229000 4.337540 16.000000
0.300000 0.228000 4.447576 16.000000
0.300000 0.411000 6.600739 24.000000
0.300000 0.476000 5.222219 19.000000
0.300000 0.224000 4.131233 15.000000
0.300000 0.210000 4.997507 18.000000
0.300000 0.188000 6.367436 23.000000
0.300000 0.298000 5.527588 20.000000
0.300000 0.250000 4.463174 16.000000
0.300000 0.120000 4.161981 15.000000
0.300000 0.218000 4.327998 16.000000
0.300000 0.307000 5.060146 18.000000
0.300000 0.288000 4.198612 15.000000
0.300000 0.207000 4.686465 17.000000
0.300000 0.326000 6.705558 24.000000
0.300000 0.181000 5.265484 19.000000
0.300000 0.110000 3.935628 15.000000
0.400000 0.123000 4.042418 12.000000
0.400000 0.307000 6.034878 17.000000
0.400000 0.136000 4.562495 13.000000
0.400000 0.100000 4.063845 12.000000
0.400000 0.146000 5.201102 15.000000
0.400000 0.243000 4.898913 14.000000
0.400000 0.138000 4.226721 12.000000
0.400000 0.166000 4.942901 14.000000
0.400000 0.126000 4.453678 13.000000
0.400000 0.230000 5.697210 16.000000
0.400000 0.211000 4.803336 14.000000
0.400000 0.126000 3.800913 11.000000
0.400000 0.142000 3.903706 11.000000
0.400000 0.249000 4.333079 12.000000
0.400000 0.158000 4.472488 13.000000
0.400000 0.150000 4.633505 13.000000
0.400000 0.161000 5.791700 16.000000
0.400000 0.370000 4.871992 14.000000
0.400000 0.134000 3.870459 11.000000
0.400000 0.349000 5.596299 15.000000
0.400000 0.194000 4.926559 14.000000
0.400000 0.177000 4.505854 13.000000
0.400000 0.103000 3.550292 10.000000
0.400000 0.194000 6.756188 18.000000
0.400000 0.157000 4.272683 12.000000
0.400000 0.119000 4.179852 12.000000
0.400000 0.178000 5.569770 15.000000
0.400000 0.208000 5.266806 15.000000
0.400000 0.214000 4.158854 12.000000
0.400000 0.107000 3.779394 11.000000
0.500000 0.104000 3.934217 9.000000
0.500000 0.240000 6.303245 14.000000
0.500000 0.126000 4.454170 10.000000
0.500000 0.112000 4.596696 11.000000
0.500000 0.115000 4.388110 10.000000
0.500000 0.237000 7.023269 16.000000
0.500000 0.246000 5.617307 13.000000
0.500000 0.195000 5.002344 12.000000
0.500000 0.148000 4.305276 10.000000
0.500000 0.116000 4.184685 10.000000
0.500000 0.174000 5.419668 12.000000
0.500000 0.161000 4.612931 11.000000
0.500000 0.217000 5.021085 12.000000
0.500000 0.275000 5.277986 12.000000
0.500000 0.173000 4.490550 10.000000
0.500000 0.152000 4.441725 10.000000
0.500000 0.151000 5.296045 12.000000
0.500000 0.143000 4.784308 11.000000
0.500000 0.195000 4.780583 11.000000
0.500000 0.341000 6.120421 14.000000
0.500000 0.127000 4.211859 10.000000
0.500000 0.308000 5.229313 12.000000
0.500000 0.564000 7.029199 16.000000
0.500000 0.140000 4.178369 10.000000
0.500000 0.185000 5.614139 13.000000
0.500000 0.113000 4.570634 11.000000
0.500000 0.201000 5.057308 12.000000
0.500000 0.443000 9.570959 21.000000
0.500000 0.115000 4.011826 10.000000
0.500000 0.123000 3.949916 9.000000
0.600000 0.103000 4.012695 8.000000
0.600000 0.106000 3.874378 8.000000
0.600000 0.756000 8.488208 16.000000
0.600000 0.176000 4.463601 9.000000
0.600000 0.671000 4.364388 9.000000
0.600000 0.174000 4.242310 9.000000
0.600000 0.128000 4.468441 9.000000
0.600000 1.248000 6.192461 12.000000
0.600000 0.194000 5.088257 10.000000
0.600000 0.174000 5.170704 10.000000
0.600000 0.136000 4.551015 9.000000
0.600000 0.809000 4.862805 10.000000
0.600000 0.101000 4.087573 8.000000
0.600000 0.601000 7.360034 14.000000
0.600000 0.229000 5.403120 11.000000
0.600000 0.387000 5.768871 11.000000
0.600000 0.240000 5.304544 10.000000
0.600000 0.117000 4.425249 9.000000
0.600000 0.190000 4.974331 10.000000
0.600000 0.142000 3.756769 8.000000
0.600000 0.218000 5.147183 10.000000
0.600000 0.148000 4.298403 9.000000
0.600000 0.282000 6.048573 12.000000
0.600000 0.115000 4.411830 9.000000
0.600000 0.223000 4.518402 9.000000
0.600000 0.125000 5.389257 10.000000
0.600000 0.166000 5.880129 11.000000
0.600000 0.126000 4.543197 9.000000
0.600000 0.592000 5.367440 10.000000
0.600000 0.319000 4.896892 10.000000
0.700000 0.284000 5.716800 10.000000
0.700000 0.195000 6.804521 11.000000
0.700000 0.158000 4.027859 7.000000
0.700000 0.097000 3.934110 7.000000
0.700000 0.190000 5.126456 9.000000
0.700000 0.099000 4.009219 7.000000
0.700000 0.098000 4.107636 7.000000
0.700000 0.136000 4.392190 8.000000
0.700000 0.186000 5.043103 9.000000
0.700000 0.337000 9.875975 16.000000
0.700000 0.095000 4.067942 7.000000
0.700000 0.214000 5.949352 10.000000
0.700000 0.095000 4.209639 8.000000
0.700000 0.128000 4.745301 8.000000
0.700000 0.103000 4.169198 7.000000
0.700000 0.185000 5.472567 9.000000
0.700000 0.129000 5.155219 9.000000
0.700000 0.098000 4.044284 7.000000
0.700000 0.387000 5.121709 9.000000
0.700000 0.119000 5.522220 9.000000
0.700000 0.331000 5.888569 10.000000
0.700000 0.124000 4.292512 8.000000
0.700000 0.182000 4.476536 8.000000
0.700000 0.094000 4.253455 8.000000
0.700000 0.103000 4.117242 7.000000
0.700000 0.119000 4.817601 8.000000
0.700000 0.219000 4.700193 8.000000
0.700000 0.154000 6.037042 10.000000
0.700000 0.169000 5.565563 9.000000
0.700000 0.150000 5.033022 9.000000
0.800000 0.094000 3.939678 6.000000
0.800000 0.294000 4.879250 8.000000
0.800000 0.131000 5.713965 9.000000
0.800000 0.172000 4.913537 8.000000
0.800000 0.109000 4.411326 7.000000
0.800000 0.112000 4.495682 7.000000
0.800000 0.122000 4.236846 7.000000
0.800000 0.201000 6.118619 9.000000
0.800000 0.135000 4.623005 7.000000
0.800000 0.251000 4.951522 8.000000
0.800000 0.128000 4.973795 8.000000
0.800000 0.091000 4.080050 7.000000
0.800000 0.191000 6.361940 9.000000
0.800000 0.099000 4.242120 7.000000
0.800000 0.125000 5.156709 8.000000
0.800000 0.132000 5.903958 9.000000
0.800000 0.104000 4.642567 7.000000
0.800000 0.090000 3.921413 6.000000
0.800000 0.155000 4.338811 7.000000
0.800000 0.225000 6.091494 9.000000
0.800000 0.106000 4.654556 7.000000
0.800000 0.099000 4.055597 7.000000
0.800000 0.257000 6.016472 9.000000
0.800000 0.122000 4.973780 8.000000
0.800000 0.125000 4.740854 7.000000
0.800000 0.170000 4.504671 7.000000
0.800000 0.171000 4.643700 7.000000
0.800000 0.464000 5.758143 9.000000
0.800000 0.133000 5.136283 8.000000
0.800000 0.105000 4.409748 7.000000
0.900000 0.108000 4.848007 7.000000
0.900000 0.174000 5.588884 8.000000
0.900000 0.138000 4.398037 6.000000
0.900000 0.131000 3.559964 5.000000
0.900000 0.092000 4.033076 6.000000
0.900000 0.126000 4.241166 6.000000
0.900000 0.153000 5.551206 8.000000
0.900000 0.106000 4.389584 6.000000
0.900000 0.156000 4.855851 7.000000
0.900000 0.303000 9.419094 12.000000
0.900000 0.215000 5.674668 8.000000
0.900000 0.254000 6.854453 9.000000
0.900000 0.103000 4.380532 6.000000
0.900000 0.303000 6.422121 9.000000
0.900000 0.178000 5.885739 8.000000
0.900000 0.298000 9.589107 12.000000
0.900000 0.195000 6.960620 9.000000
0.900000 0.113000 4.405748 6.000000
0.900000 0.266000 5.694629 8.000000
0.900000 0.090000 4.214198 6.000000
0.900000 0.134000 4.779148 7.000000
0.900000 0.098000 4.388191 6.000000
0.900000 0.228000 5.909174 8.000000
0.900000 0.247000 5.697655 8.000000
0.900000 0.091000 3.855303 6.000000
0.900000 0.107000 4.743915 7.000000
0.900000 0.128000 5.231028 7.000000
0.900000 0.096000 4.128535 6.000000
0.900000 0.153000 7.108676 9.000000
0.900000 0.084000 3.918438 6.000000
1.000000 0.322000 5.071646 7.000000
1.000000 0.337000 9.750912 11.000000
1.000000 0.126000 5.167268 7.000000
1.000000 0.119000 5.015701 7.000000
1.000000 0.116000 4.203277 6.000000
1.000000 0.103000 4.624349 6.000000
1.000000 0.127000 4.430918 6.000000
1.000000 0.161000 4.865760 6.000000
1.000000 0.145000 4.185254 6.000000
1.000000 0.181000 4.176810 6.000000
1.000000 0.178000 5.360764 7.000000
1.000000 0.138000 5.276739 7.000000
1.000000 0.201000 4.154025 6.000000
1.000000 0.086000 3.790092 5.000000
1.000000 0.250000 5.481635 7.000000
1.000000 0.185000 5.923706 7.000000
1.000000 0.093000 3.881163 5.000000
1.000000 0.152000 5.559294 7.000000
1.000000 0.133000 5.288588 7.000000
1.000000 0.160000 4.736942 6.000000
1.000000 0.117000 3.961605 5.000000
1.000000 0.110000 4.517500 6.000000
1.000000 0.108000 4.324448 6.000000
1.000000 0.096000 4.048621 6.000000
1.000000 0.157000 5.382247 7.000000
1.000000 0.124000 5.098877 7.000000
1.000000 0.180000 4.695532 6.000000
1.000000 0.128000 4.676736 6.000000
1.000000 0.210000 6.805279 8.000000
1.000000 0.217000 7.299416 9.000000
1.100000 0.150000 6.949020 8.000000
1.100000 0.222000 5.000909 6.000000
1.100000 0.103000 4.837359 6.000000
1.100000 0.144000 5.441209 6.000000
1.100000 0.150000 4.311010 5.000000
1.100000 0.123000 4.911363 6.000000
1.100000 0.370000 9.015546 10.000000
1.100000 0.161000 4.365759 5.000000
1.100000 0.348000 6.775560 8.000000
1.100000 0.150000 5.021187 6.000000
1.100000 0.118000 5.473841 6.000000
1.100000 0.104000 4.829522 6.000000
1.100000 0.218000 6.395382 7.000000
1.100000 0.153000 5.687353 7.000000
1.100000 0.122000 5.421654 6.000000
1.100000 0.092000 4.290516 5.000000
1.100000 0.165000 5.139157 6.000000
1.100000 0.134000 6.059501 7.000000
1.100000 0.131000 4.457168 6.000000
1.100000 0.163000 5.625884 7.000000
1.100000 0.104000 4.684518 6.000000
1.100000 0.144000 5.088380 6.000000
1.100000 0.289000 7.316819 8.000000
1.100000 0.153000 4.707708 6.000000
1.100000 0.135000 5.939477 7.000000
1.100000 0.180000 3.560303 5.000000
1.100000 0.184000 6.855663 8.000000
1.100000 0.274000 4.866667 6.000000
1.100000 0.161000 4.978348 6.000000
1.100000 0.182000 6.926127 8.000000
1.200000 0.157000 5.495620 6.000000
1.200000 0.128000 4.029928 5.000000
1.200000 0.122000 5.720577 6.000000
1.200000 0.237000 7.237491 8.000000
1.200000 0.136000 5.778422 6.000000
1.200000 0.081000 4.027790 5.000000
1.200000 0.309000 7.367825 8.000000
1.200000 0.253000 5.596983 6.000000
1.200000 0.101000 4.569035 5.000000
1.200000 0.092000 4.463023 5.000000
1.200000 0.113000 4.787485 5.000000
1.200000 0.318000 4.557708 5.000000
1.200000 0.202000 5.923856 6.000000
1.200000 0.099000 4.525990 5.000000
1.200000 0.203000 6.793892 7.000000
1.200000 0.130000 6.430636 7.000000
1.200000 0.121000 4.135932 5.000000
1.200000 0.121000 5.792346 6.000000
1.200000 0.231000 4.234532 5.000000
1.200000 0.147000 6.332412 7.000000
1.200000 0.253000 5.464395 6.000000
1.200000 0.115000 5.031914 6.000000
1.200000 0.257000 7.146037 7.000000
1.200000 0.156000 5.727044 6.000000
1.200000 0.114000 4.938267 6.000000
1.200000 0.256000 5.522317 6.000000
1.200000 0.105000 3.939371 5.000000
1.200000 0.151000 4.215366 5.000000
1.200000 0.109000 4.672078 5.000000
1.200000 0.102000 4.758161 5.000000
1.300000 0.160000 6.391731 6.000000
1.300000 0.208000 5.089260 5.000000
1.300000 0.109000 4.466512 5.000000
1.300000 0.243000 6.529955 7.000000
1.300000 0.110000 4.771349 5.000000
1.300000 0.366000 5.796546 6.000000
1.300000 0.167000 6.299042 6.000000
1.300000 0.179000 5.830063 6.000000
1.300000 0.118000 5.079016 5.000000
1.300000 0.125000 5.874583 6.000000
1.300000 0.157000 6.359126 6.000000
1.300000 0.105000 4.863272 5.000000
1.300000 0.160000 6.892846 7.000000
1.300000 0.334000 5.331185 6.000000
1.300000 0.119000 5.826865 6.000000
1.300000 0.115000 4.805216 5.000000
1.300000 0.186000 5.479778 6.000000
1.300000 0.140000 4.480865 5.000000
1.300000 0.278000 5.895397 6.000000
1.300000 0.123000 4.390731 5.000000
1.300000 0.103000 4.994226 5.000000
1.300000 0.296000 7.406767 7.000000
1.300000 0.281000 6.146511 6.000000
1.300000 0.112000 5.047994 5.000000
1.300000 0.249000 7.426913 7.000000
1.300000 0.302000 6.997097 7.000000
1.300000 0.147000 6.271812 6.000000
1.300000 0.420000 9.568877 9.000000
1.300000 0.097000 4.702866 5.000000
1.300000 0.511000 6.331251 6.000000
1.400000 0.118000 4.446924 5.000000
1.400000 0.133000 6.052340 6.000000
1.400000 0.145000 6.117638 6.000000
1.400000 0.124000 5.365749 5.000000
1.400000 0.099000 4.916767 5.000000
1.400000 0.189000 6.368528 6.000000
1.400000 0.106000 5.173912 5.000000
1.400000 0.107000 5.145354 5.000000
1.400000 0.120000 4.791589 5.000000
1.400000 0.146000 8.034045 7.000000
1.400000 0.128000 5.229418 5.000000
1.400000 0.135000 4.462507 5.000000
1.400000 0.177000 4.842659 5.000000
1.400000 0.160000 6.848218 6.000000
1.400000 0.184000 5.930890 6.000000
1.400000 0.236000 6.119780 6.000000
1.400000 0.449000 8.046587 7.000000
1.400000 0.244000 6.887631 6.000000
1.400000 0.202000 5.531422 5.000000
1.400000 0.104000 4.759172 5.000000
1.400000 0.272000 7.166108 7.000000
1.400000 0.081000 4.015389 4.000000
1.400000 0.094000 4.279422 5.000000
1.400000 0.235000 5.799226 6.000000
1.400000 0.202000 6.034196 6.000000
1.400000 0.104000 5.303024 5.000000
1.400000 0.122000 4.376756 5.000000
1.400000 0.147000 5.869933 6.000000
1.400000 0.389000 8.251904 7.000000
1.400000 0.196000 4.680425 5.000000
1.500000 0.393000 9.363127 8.000000
1.500000 0.184000 5.345763 5.000000
1.500000 0.129000 5.099409 5.000000
1.500000 0.157000 6.476552 6.000000
1.500000 0.161000 6.069152 6.000000
1.500000 0.524000 10.279661 8.000000
1.500000 0.173000 4.452512 4.000000
1.500000 0.084000 4.214526 4.000000
1.500000 0.082000 4.090103 4.000000
1.500000 0.105000 5.123631 5.000000
1.500000 0.173000 5.934898 5.000000
1.500000 0.140000 6.081058 6.000000
1.500000 0.263000 5.841002 5.000000
1.500000 0.366000 7.214144 6.000000
1.500000 0.100000 4.442616 4.000000
1.500000 0.226000 7.833612 7.000000
1.500000 0.117000 5.216355 5.000000
1.500000 0.178000 6.405196 6.000000
1.500000 0.247000 6.800013 6.000000
1.500000 0.112000 5.379244 5.000000
1.500000 0.108000 5.369565 5.000000
1.500000 0.243000 8.258710 7.000000
1.500000 0.123000 6.205008 6.000000
1.500000 0.091000 4.439036 4.000000
1.500000 0.330000 5.932293 5.000000
1.500000 0.113000 5.465123 5.000000
1.500000 0.207000 5.077412 5.000000
1.500000 0.317000 6.544935 6.000000
1.500000 0.221000 5.297381 5.000000
1.500000 0.173000 6.799351 6.000000
1.600000 0.140000 5.435544 5.000000
1.600000 0.168000 7.322373 6.000000
1.600000 0.268000 5.389122 5.000000
1.600000 0.127000 5.382931 5.000000
1.600000 0.142000 4.119962 4.000000
1.600000 0.216000 7.047690 6.000000
1.600000 0.118000 5.511995 5.000000
1.600000 0.132000 5.037886 5.000000
1.600000 0.120000 5.408087 5.000000
1.600000 0.115000 6.249972 5.000000
1.600000 0.145000 5.377687 5.000000
1.600000 0.259000 7.843323 6.000000
1.600000 0.092000 3.884990 4.000000
1.600000 0.093000 4.025963 4.000000
1.600000 0.242000 7.259272 6.000000
1.600000 0.184000 4.494994 4.000000
1.600000 0.131000 5.033343 5.000000
1.600000 0.217000 5.804198 5.000000
1.600000 0.124000 4.089890 4.000000
1.600000 0.206000 6.942116 6.000000
1.600000 0.193000 6.031177 5.000000
1.600000 0.113000 5.451315 5.000000
1.600000 0.109000 4.916297 5.000000
1.600000 0.407000 9.478331 7.000000
1.600000 0.108000 5.774443 5.000000
1.600000 0.108000 5.512675 5.000000
1.600000 0.274000 8.752537 7.000000
1.600000 0.123000 5.768010 5.000000
1.600000 0.097000 4.939574 5.000000
1.600000 0.124000 6.675524 6.000000
1.700000 0.148000 5.297729 5.000000
1.700000 0.281000 5.809362 5.000000
1.700000 0.290000 7.627780 6.000000
1.700000 0.199000 6.140633 5.000000
1.700000 0.135000 7.388248 6.000000
1.700000 0.108000 5.460570 5.000000
1.700000 0.138000 7.479482 6.000000
1.700000 0.152000 6.471785 5.000000
1.700000 0.142000 6.919951 6.000000
1.700000 0.103000 4.836124 4.000000
1.700000 0.136000 4.603560 4.000000
1.700000 0.130000 6.045714 5.000000
1.700000 0.314000 9.012087 7.000000
1.700000 0.243000 8.866408 7.000000
1.700000 0.101000 5.050364 4.000000
1.700000 0.114000 5.682447 5.000000
1.700000 0.116000 6.837960 6.000000
1.700000 0.117000 4.723422 4.000000
1.700000 0.124000 5.567322 5.000000
1.700000 0.101000 4.357332 4.000000
1.700000 0.110000 5.264339 5.000000
1.700000 0.141000 6.640226 5.000000
1.700000 0.155000 5.816304 5.000000
1.700000 0.138000 6.062950 5.000000
1.700000 0.873000 10.400845 8.000000
1.700000 0.197000 5.974584 5.000000
1.700000 0.134000 7.560574 6.000000
1.700000 0.117000 5.544423 5.000000
1.700000 0.336000 6.209616 5.000000
1.700000 0.305000 10.017665 7.000000
1.800000 0.422000 5.069705 4.000000
1.800000 0.206000 6.137316 5.000000
1.800000 0.096000 4.836619 4.000000
1.800000 0.143000 5.834146 5.000000
1.800000 0.113000 5.631687 5.000000
1.800000 0.196000 9.207369 7.000000
1.800000 0.155000 5.222309 4.000000
1.800000 0.116000 5.821590 5.000000
1.800000 0.138000 4.942991 4.000000
1.800000 0.084000 4.607107 4.000000
1.800000 0.118000 5.944317 5.000000
1.800000 0.182000 5.551878 5.000000
1.800000 0.146000 5.866831 5.000000
1.800000 0.126000 5.926827 5.000000
1.800000 0.253000 5.843619 5.000000
1.800000 0.240000 4.268717 4.000000
1.800000 0.327000 6.612879 5.000000
1.800000 0.160000 5.967127 5.000000
1.800000 0.229000 7.556034 6.000000
1.800000 0.166000 7.744402 6.000000
1.800000 0.091000 5.039226 4.000000
1.800000 0.102000 5.379341 4.000000
1.800000 0.335000 14.170195 9.000000
1.800000 0.111000 5.553935 5.000000
1.800000 0.156000 4.840578 4.000000
1.800000 0.111000 5.769161 5.000000
1.800000 0.179000 7.489735 6.000000
1.800000 0.129000 5.584971 5.000000
1.800000 0.231000 6.532901 5.000000
1.800000 0.553000 7.169811 5.000000
1.900000 0.189000 5.059411 4.000000
1.900000 0.171000 4.821023 4.000000
1.900000 0.093000 4.700076 4.000000
1.900000 0.092000 5.229295 4.000000
1.900000 0.098000 5.252519 4.000000
1.900000 0.175000 6.483944 5.000000
1.900000 0.162000 7.588214 5.000000
1.900000 0.372000 7.604820 6.000000
1.900000 0.125000 6.327210 5.000000
1.900000 0.086000 4.819160 4.000000
1.900000 0.136000 5.946091 5.000000
1.900000 0.235000 6.436022 5.000000
1.900000 0.167000 6.292054 5.000000
1.900000 0.163000 5.888794 5.000000
1.900000 0.152000 6.027724 5.000000
1.900000 0.164000 5.367691 4.000000
1.900000 0.108000 5.434708 4.000000
1.900000 0.108000 5.838757 5.000000
1.900000 0.129000 7.031639 5.000000
1.900000 0.121000 4.840476 4.000000
1.900000 0.115000 5.501712 4.000000
1.900000 0.193000 4.762985 4.000000
1.900000 0.141000 6.524852 5.000000
1.900000 0.144000 6.031179 5.000000
1.900000 0.138000 5.822365 5.000000
1.900000 0.118000 5.801445 5.000000
1.900000 0.301000 6.882032 5.000000
1.900000 0.275000 6.691254 5.000000
1.900000 0.582000 14.374867 9.000000
1.900000 0.176000 6.497881 5.000000
2.000000 0.092000 4.763485 4.000000
2.000000 0.191000 7.310880 5.000000
2.000000 0.168000 7.689418 5.000000
2.000000 0.338000 4.239473 4.000000
2.000000 0.130000 6.254495 5.000000
2.000000 0.100000 5.337671 4.000000
2.000000 0.412000 10.681679 7.000000
2.000000 0.395000 5.501423 4.000000
2.000000 0.133000 5.574042 4.000000
2.000000 0.162000 6.173094 5.000000
2.000000 0.143000 8.524348 6.000000
2.000000 0.198000 10.100129 7.000000
2.000000 0.264000 7.856416 5.000000
2.000000 0.177000 5.809689 4.000000
2.000000 0.452000 6.015139 5.000000
2.000000 0.417000 8.620167 6.000000
2.000000 0.247000 5.772790 4.000000
2.000000 0.168000 8.814720 6.000000
2.000000 0.132000 4.970427 4.000000
2.000000 0.479000 11.379476 7.000000
2.000000 0.113000 5.802946 4.000000
2.000000 0.219000 10.959013 7.000000
2.000000 0.125000 6.074455 5.000000
2.000000 0.087000 4.579229 4.000000
2.000000 0.134000 6.524720 5.000000
2.000000 0.146000 7.840556 5.000000
2.000000 0.179000 7.691862 5.000000
2.000000 0.118000 6.113749 5.000000
2.000000 0.109000 6.150608 5.000000
2.000000 0.093000 4.159325 4.000000
2.100000 0.413000 9.802146 6.000000
2.100000 0.176000 4.994841 4.000000
2.100000 0.227000 4.137823 3.000000
2.100000 0.318000 5.304073 4.000000
2.100000 0.113000 5.820795 4.000000
2.100000 0.394000 5.457039 4.000000
2.100000 0.120000 4.693087 4.000000
2.100000 0.194000 9.606011 6.000000
2.100000 0.127000 7.303705 5.000000
2.100000 0.120000 5.747999 4.000000
2.100000 0.092000 5.461014 4.000000
2.100000 0.343000 9.116411 6.000000
2.100000 0.094000 5.258167 4.000000
2.100000 0.173000 6.025435 4.000000
2.100000 0.142000 5.393002 4.000000
2.100000 0.119000 7.198612 5.000000
2.100000 0.119000 6.231150 4.000000
2.100000 0.158000 6.361287 5.000000
2.100000 0.455000 9.829339 6.000000
2.100000 0.331000 6.408760 5.000000
2.100000 0.357000 12.314986 7.000000
2.100000 0.187000 8.294263 5.000000
2.100000 0.138000 6.170898 5.000000
2.100000 0.124000 3.840242 3.000000
2.100000 0.115000 6.245766 4.000000
2.100000 0.115000 5.957327 4.000000
2.100000 0.137000 6.163216 4.000000
2.100000 0.162000 7.562384 5.000000
2.100000 0.270000 12.003661 7.000000
2.100000 0.131000 6.304392 5.000000
2.200000 0.085000 4.088218 3.000000
2.200000 0.145000 7.396846 5.000000
2.200000 0.211000 5.308434 4.000000
2.200000 0.335000 7.122734 5.000000
2.200000 0.183000 7.501356 5.000000
2.200000 0.684000 9.169043 6.000000
2.200000 0.210000 7.944992 5.000000
2.200000 0.145000 7.058253 5.000000
2.200000 0.131000 4.639863 4.000000
2.200000 0.104000 5.753711 4.000000
2.200000 0.387000 5.975293 4.000000
2.200000 0.156000 4.005500 3.000000
2.200000 0.456000 10.947003 6.000000
2.200000 0.137000 7.407409 5.000000
2.200000 0.263000 4.449672 4.000000
2.200000 0.170000 7.302476 5.000000
2.200000 0.161000 6.622305 5.000000
2.200000 0.268000 9.011021 6.000000
2.200000 0.187000 7.761468 5.000000
2.200000 0.134000 4.556444 4.000000
2.200000 0.154000 7.711797 5.000000
2.200000 0.089000 4.913452 4.000000
2.200000 0.142000 8.164924 5.000000
2.200000 0.431000 6.907134 5.000000
2.200000 0.166000 6.156733 4.000000
2.200000 0.121000 6.514944 4.000000
2.200000 0.172000 5.678441 4.000000
2.200000 0.121000 6.624992 5.000000
2.200000 0.137000 5.404956 4.000000
2.200000 0.131000 6.724027 5.000000
2.300000 0.192000 6.653345 4.000000
2.300000 0.126000 6.392317 4.000000
2.300000 0.252000 8.443955 5.000000
2.300000 0.102000 5.667464 4.000000
2.300000 0.122000 6.540622 4.000000
2.300000 0.116000 5.399729 4.000000
2.300000 0.128000 6.518293 4.000000
2.300000 0.152000 7.827407 5.000000
2.300000 0.132000 5.169989 4.000000
2.300000 0.145000 7.661267 5.000000
2.300000 0.101000 5.687369 4.000000
2.300000 0.168000 5.885674 4.000000
2.300000 0.090000 4.244589 3.000000
2.300000 0.141000 7.490224 5.000000
2.300000 0.409000 8.968628 5.000000
2.300000 0.133000 6.475210 4.000000
2.300000 0.119000 6.525435 4.000000
2.300000 0.088000 4.974577 4.000000
2.300000 0.131000 7.397395 5.000000
2.300000 0.287000 12.866710 7.000000
2.300000 0.165000 6.554848 4.000000
2.300000 0.120000 5.502546 4.000000
2.300000 0.144000 4.464859 3.000000
2.300000 0.191000 7.004953 5.000000
2.300000 0.215000 6.496352 4.000000
2.300000 0.257000 12.280524 7.000000
2.300000 0.316000 7.444043 5.000000
2.300000 0.217000 7.115928 5.000000
2.300000 0.108000 5.726688 4.000000
2.300000 0.130000 7.803955 5.000000
2.400000 0.097000 5.547009 4.000000
2.400000 0.148000 8.956702 5.000000
2.400000 0.179000 6.325580 4.000000
2.400000 0.433000 15.630818 8.000000
2.400000 0.118000 6.613615 4.000000
2.400000 0.080000 4.792318 3.000000
2.400000 0.187000 7.965112 5.000000
2.400000 0.257000 10.450210 6.000000
2.400000 0.198000 7.514427 5.000000
2.400000 0.227000 5.371076 4.000000
2.400000 0.244000 8.455417 5.000000
2.400000 0.272000 11.561768 6.000000
2.400000 0.089000 5.571498 4.000000
2.400000 0.208000 7.150574 4.000000
2.400000 0.218000 11.085051 6.000000
2.400000 0.436000 9.450384 5.000000
2.400000 0.118000 6.923831 4.000000
2.400000 0.132000 7.153933 4.000000
2.400000 0.447000 8.030802 5.000000
2.400000 0.221000 6.592809 4.000000
2.400000 0.148000 4.366025 3.000000
2.400000 0.177000 6.417403 4.000000
2.400000 0.337000 8.047554 5.000000
2.400000 0.259000 4.652189 4.000000
2.400000 0.127000 6.613504 4.000000
2.400000 0.568000 13.704471 7.000000
2.400000 0.184000 5.268715 4.000000
2.400000 0.272000 7.551957 5.000000
2.400000 0.120000 6.905209 4.000000
2.400000 0.082000 5.072193 4.000000
2.500000 0.165000 7.920189 5.000000
2.500000 0.125000 4.445100 3.000000
2.500000 0.510000 7.812917 5.000000
2.500000 0.163000 8.615199 5.000000
2.500000 0.157000 7.212074 4.000000
2.500000 0.370000 8.582621 5.000000
2.500000 0.240000 8.377733 5.000000
2.500000 0.083000 4.561308 3.000000
2.500000 0.121000 6.819101 4.000000
2.500000 0.116000 6.288019 4.000000
2.500000 0.128000 6.694786 4.000000
2.500000 0.097000 5.501676 4.000000
2.500000 0.243000 11.556737 6.000000
2.500000 0.137000 6.779937 4.000000
2.500000 0.123000 6.478325 4.000000
2.500000 0.189000 9.024424 5.000000
2.500000 0.113000 5.799309 4.000000
2.500000 0.237000 8.503801 5.000000
2.500000 0.196000 7.315634 4.000000
2.500000 0.413000 9.709764 5.000000
2.500000 0.091000 5.359982 4.000000
2.500000 0.350000 8.406053 5.000000
2.500000 0.301000 7.754107 5.000000
2.500000 0.151000 7.375066 4.000000
2.500000 0.249000 7.056576 4.000000
2.500000 0.153000 8.095854 5.000000
2.500000 0.108000 4.459865 3.000000
2.500000 0.188000 6.892750 4.000000
2.500000 0.168000 5.771751 4.000000
2.500000 0.293000 10.327153 6.000000
2.600000 0.161000 5.847653 4.000000
2.600000 0.108000 6.598116 4.000000
2.600000 0.129000 7.550955 4.000000
2.600000 0.134000 7.520208 4.000000
2.600000 0.157000 8.641590 5.000000
2.600000 0.131000 7.044511 4.000000
2.600000 0.093000 4.798680 3.000000
2.600000 0.208000 8.215491 5.000000
2.600000 0.185000 7.243112 4.000000
2.600000 0.215000 7.778932 4.000000
2.600000 0.127000 4.658703 3.000000
2.600000 0.124000 7.147626 4.000000
2.600000 0.234000 11.320721 6.000000
2.600000 0.272000 7.889492 5.000000
2.600000 0.225000 8.312169 5.000000
2.600000 0.426000 11.374724 6.000000
2.600000 0.132000 7.062867 4.000000
2.600000 0.126000 4.545520 3.000000
2.600000 0.106000 6.127464 4.000000
2.600000 0.314000 11.192896 6.000000
2.600000 0.124000 6.880294 4.000000
2.600000 0.151000 8.157837 5.000000
2.600000 0.338000 6.234852 4.000000
2.600000 0.088000 5.440307 4.000000
2.600000 0.164000 6.003495 4.000000
2.600000 0.111000 6.126046 4.000000
2.600000 0.210000 7.667772 4.000000
2.600000 0.117000 6.882767 4.000000
2.600000 0.422000 10.841177 6.000000
2.600000 0.312000 9.714864 5.000000
2.700000 0.162000 9.464144 5.000000
2.700000 0.120000 6.993575 4.000000
2.700000 0.085000 4.460107 3.000000
2.700000 0.126000 7.419617 4.000000
2.700000 0.339000 8.810428 5.000000
2.700000 0.363000 6.788934 4.000000
2.700000 0.120000 5.983075 4.000000
2.700000 0.154000 6.777669 4.000000
2.700000 0.234000 8.622237 5.000000
2.700000 0.420000 13.064421 6.000000
2.700000 0.232000 7.272667 4.000000
2.700000 0.236000 7.352290 4.000000
2.700000 0.556000 13.508848 7.000000
2.700000 0.119000 6.586975 4.000000
2.700000 0.255000 12.633801 6.000000
2.700000 0.131000 7.128633 4.000000
2.700000 0.136000 6.831941 4.000000
2.700000 0.094000 5.976164 4.000000
2.700000 0.170000 6.560287 4.000000
2.700000 0.254000 4.909828 3.000000
2.700000 0.340000 6.272268 4.000000
2.700000 0.238000 10.962523 6.000000
2.700000 0.123000 6.993061 4.000000
2.700000 0.223000 8.286542 5.000000
2.700000 0.283000 9.848993 5.000000
2.700000 0.335000 10.257975 5.000000
2.700000 0.111000 5.552042 4.000000
2.700000 0.196000 9.446059 5.000000
2.700000 0.101000 4.851446 3.000000
2.700000 0.142000 7.459942 4.000000
2.800000 0.130000 7.228490 4.000000
2.800000 0.111000 6.647589 4.000000
2.800000 0.251000 8.209801 4.000000
2.800000 0.187000 7.973217 4.000000
2.800000 0.262000 7.111412 4.000000
2.800000 0.148000 7.522300 4.000000
2.800000 0.221000 6.048689 4.000000
2.800000 0.111000 6.699648 4.000000
2.800000 0.102000 5.938610 4.000000
2.800000 0.200000 9.904928 5.000000
2.800000 0.130000 7.343820 4.000000
2.800000 0.115000 6.078277 4.000000
2.800000 0.289000 8.704857 5.000000
2.800000 0.120000 7.165547 4.000000
2.800000 0.165000 5.426443 3.000000
2.800000 0.269000 6.865516 4.000000
2.800000 0.226000 12.065519 6.000000
2.800000 0.237000 6.820602 4.000000
2.800000 0.099000 5.604197 4.000000
2.800000 0.438000 7.732482 4.000000
2.800000 0.139000 7.465682 4.000000
2.800000 0.174000 7.536229 4.000000
2.800000 0.153000 8.159636 4.000000
2.800000 0.217000 4.483596 3.000000
2.800000 0.134000 5.499318 4.000000
2.800000 0.234000 5.495658 3.000000
2.800000 0.196000 8.451834 5.000000
2.800000 0.178000 7.081187 4.000000
2.800000 0.140000 8.418426 5.000000
2.800000 0.136000 7.465495 4.000000
2.900000 0.278000 13.131809 6.000000
2.900000 0.291000 11.940331 6.000000
2.900000 0.175000 8.260503 4.000000
2.900000 0.169000 9.894590 5.000000
2.900000 0.129000 7.319592 4.000000
2.900000 0.090000 5.684630 3.000000
2.900000 0.177000 9.691501 5.000000
2.900000 0.105000 6.377873 4.000000
2.900000 0.105000 5.296239 3.000000
2.900000 0.084000 6.093519 4.000000
2.900000 0.097000 4.464408 3.000000
2.900000 0.669000 9.341913 5.000000
2.900000 0.101000 5.663845 3.000000
2.900000 0.203000 8.871906 5.000000
2.900000 0.197000 7.601697 4.000000
2.900000 0.129000 5.405290 3.000000
2.900000 0.222000 7.973938 5.000000
2.900000 0.081000 5.048978 3.000000
2.900000 0.407000 8.901831 5.000000
2.900000 0.503000 9.687288 5.000000
2.900000 0.315000 9.579496 5.000000
2.900000 0.089000 5.220809 3.000000
2.900000 0.241000 9.224964 5.000000
2.900000 0.166000 7.347056 4.000000
2.900000 0.396000 9.859665 5.000000
2.900000 0.173000 9.338561 5.000000
2.900000 0.138000 7.535825 4.000000
2.900000 0.264000 4.453266 3.000000
2.900000 0.095000 6.110487 4.000000
2.900000 0.117000 6.902595 4.000000
3.000000 0.412000 10.176957 5.000000
3.000000 0.233000 8.829732 4.000000
3.000000 0.121000 6.899316 4.000000
3.000000 0.287000 5.028011 3.000000
3.000000 0.186000 9.447101 5.000000
3.000000 0.382000 10.080054 5.000000
3.000000 0.432000 15.060375 7.000000
3.000000 0.324000 13.114283 6.000000
3.000000 0.326000 8.823744 4.000000
3.000000 0.138000 7.393650 4.000000
3.000000 0.155000 7.991852 4.000000
3.000000 0.114000 6.580649 4.000000
3.000000 0.386000 9.961727 5.000000
3.000000 0.257000 9.892699 5.000000
3.000000 0.218000 11.718929 5.000000
3.000000 0.141000 4.532458 3.000000
3.000000 0.234000 11.905222 5.000000
3.000000 0.396000 11.541503 5.000000
3.000000 0.240000 4.805978 3.000000
3.000000 0.265000 12.012879 6.000000
3.000000 0.126000 7.544295 4.000000
3.000000 0.095000 5.540526 3.000000
3.000000 0.365000 5.590406 3.000000
3.000000 0.133000 7.778544 4.000000
3.000000 0.178000 5.285810 3.000000
3.000000 0.164000 9.366861 5.000000
3.000000 0.210000 7.995301 4.000000
3.000000 0.264000 8.294727 4.000000
3.000000 0.125000 7.749546 4.000000
3.000000 0.120000 6.682405 4.000000
3.100000 0.101000 5.674779 3.000000
3.100000 0.153000 9.477071 5.000000
3.100000 0.147000 8.409273 4.000000
3.100000 0.432000 4.943576 3.000000
3.100000 0.253000 9.465955 5.000000
3.100000 0.333000 9.588095 5.000000
3.100000 0.091000 5.132237 3.000000
3.100000 0.112000 7.179873 4.000000
3.100000 0.186000 8.974879 4.000000
3.100000 0.244000 10.996594 5.000000
3.100000 0.170000 7.971523 4.000000
3.100000 0.163000 8.267421 4.000000
3.100000 0.194000 8.115464 4.000000
3.100000 0.190000 10.980083 5.000000
3.100000 0.121000 7.084860 4.000000
3.100000 0.128000 8.090788 4.000000
3.100000 0.251000 11.442565 5.000000
3.100000 0.633000 13.468586 6.000000
3.100000 0.132000 7.624356 4.000000
3.100000 0.170000 5.269983 3.000000
3.100000 0.209000 9.225029 4.000000
3.100000 0.167000 6.346222 4.000000
3.100000 0.113000 7.294870 4.000000
3.100000 0.346000 5.588874 4.000000
3.100000 0.186000 7.020814 4.000000
3.100000 0.357000 10.384064 5.000000
3.100000 0.308000 8.354142 4.000000
3.100000 0.123000 7.612740 4.000000
3.100000 0.271000 10.357326 5.000000
3.100000 0.167000 8.959080 4.000000
3.200000 0.152000 8.288746 4.000000
3.200000 0.182000 7.561975 4.000000
3.200000 0.105000 6.342799 3.000000
3.200000 0.192000 6.074733 3.000000
3.200000 0.110000 7.114988 4.000000
3.200000 0.204000 8.422268 4.000000
3.200000 0.137000 7.133015 4.000000
3.200000 0.269000 10.177394 5.000000
3.200000 0.338000 15.806555 6.000000
3.200000 0.099000 6.200227 3.000000
3.200000 0.254000 7.648358 4.000000
3.200000 0.226000 10.458322 5.000000
3.200000 0.125000 6.565852 4.000000
3.200000 0.213000 9.761796 5.000000
3.200000 0.263000 9.428553 5.000000
3.200000 0.165000 6.903411 4.000000
3.200000 0.340000 9.528873 4.000000
3.200000 0.136000 8.341214 4.000000
3.200000 0.541000 11.786215 5.000000
3.200000 0.622000 13.568558 6.000000
3.200000 0.127000 7.444331 4.000000
3.200000 0.337000 9.532767 5.000000
3.200000 0.092000 5.791805 3.000000
3.200000 0.232000 7.101611 4.000000
3.200000 0.105000 6.207201 3.000000
3.200000 0.188000 7.923415 4.000000
3.200000 0.209000 6.832595 4.000000
3.200000 0.207000 8.076659 4.000000
3.200000 0.139000 7.845525 4.000000
3.200000 0.116000 6.772224 4.000000
3.300000 0.175000 9.004282 4.000000
3.300000 0.198000 7.392536 4.000000
3.300000 0.141000 5.796311 3.000000
3.300000 0.097000 5.082430 3.000000
3.300000 0.288000 7.663506 4.000000
3.300000 0.105000 4.528148 3.000000
3.300000 0.136000 8.056979 4.000000
3.300000 0.502000 15.412140 6.000000
3.300000 0.129000 7.890850 4.000000
3.300000 0.120000 7.535643 4.000000
3.300000 0.100000 6.063627 3.000000
3.300000 0.091000 6.029223 3.000000
3.300000 0.156000 8.317189 4.000000
3.300000 0.157000 7.709930 4.000000
3.300000 0.702000 9.071989 4.000000
3.300000 0.140000 8.112378 4.000000
3.300000 0.097000 5.678651 3.000000
3.300000 0.224000 9.727978 4.000000
3.300000 0.106000 5.774593 3.000000
3.300000 0.177000 5.983571 3.000000
3.300000 0.485000 14.644824 6.000000
3.300000 0.097000 5.958048 3.000000
3.300000 0.409000 11.036073 5.000000
3.300000 0.166000 4.843912 3.000000
3.300000 0.137000 8.000164 4.000000
3.300000 0.345000 10.797061 5.000000
3.300000 0.249000 6.350226 4.000000
3.300000 0.137000 5.811872 3.000000
3.300000 0.251000 10.399956 5.000000
3.300000 0.122000 6.280503 3.000000
3.400000 0.111000 6.755696 3.000000
3.400000 0.324000 10.678588 5.000000
3.400000 0.382000 9.277135 5.000000
3.400000 0.113000 5.866384 3.000000
3.400000 0.169000 8.481219 4.000000
3.400000 0.230000 11.079062 5.000000
3.400000 0.106000 5.546678 3.000000
3.400000 0.135000 7.770044 4.000000
3.400000 0.172000 8.593948 4.000000
3.400000 0.144000 7.717490 4.000000
3.400000 0.177000 7.670321 5.000000
3.400000 0.268000 9.415019 4.000000
3.400000 0.107000 6.679173 3.000000
3.400000 0.565000 10.077289 4.000000
3.400000 0.306000 8.265138 4.000000
3.400000 0.423000 6.357280 3.000000
3.400000 0.131000 8.063572 4.000000
3.400000 0.129000 5.309586 3.000000
3.400000 0.222000 8.567713 4.000000
3.400000 0.098000 6.575147 3.000000
3.400000 0.114000 5.682035 3.000000
3.400000 0.097000 6.808535 4.000000
3.400000 0.425000 10.343730 5.000000
3.400000 0.186000 6.162242 4.000000
3.400000 0.239000 8.425904 4.000000
3.400000 0.270000 11.375253 5.000000
3.400000 0.201000 10.774647 5.000000
3.400000 0.253000 10.227755 5.000000
3.400000 0.258000 9.166565 4.000000
3.400000 0.105000 6.396098 3.000000
3.500000 0.174000 9.428841 4.000000
3.500000 0.113000 7.744446 4.000000
3.500000 0.412000 12.769879 5.000000
3.500000 0.300000 12.823313 5.000000
3.500000 0.200000 6.103039 3.000000
3.500000 0.142000 5.455284 3.000000
3.500000 0.114000 7.905114 4.000000
3.500000 0.148000 8.649615 4.000000
3.500000 0.447000 10.598024 5.000000
3.500000 0.117000 8.023568 4.000000
3.500000 0.275000 14.200669 6.000000
3.500000 0.198000 11.928074 5.000000
3.500000 0.310000 13.058167 6.000000
3.500000 0.119000 6.501154 3.000000
3.500000 0.153000 8.680480 4.000000
3.500000 0.212000 5.463713 3.000000
3.500000 0.101000 6.592639 3.000000
3.500000 0.420000 9.736057 4.000000
3.500000 0.299000 14.165712 6.000000
3.500000 0.290000 11.933636 5.000000
3.500000 0.229000 8.176041 4.000000
3.500000 0.149000 9.010694 4.000000
3.500000 0.228000 9.519664 4.000000
3.500000 0.136000 7.583125 4.000000
3.500000 0.207000 10.063322 4.000000
3.500000 0.366000 13.395571 5.000000
3.500000 0.157000 9.846479 4.000000
3.500000 0.205000 8.688402 4.000000
3.500000 0.232000 11.725726 5.000000
3.500000 0.126000 7.479782 4.000000
3.600000 0.116000 6.679248 3.000000
3.600000 0.172000 8.542860 4.000000
3.600000 0.393000 10.901410 5.000000
3.600000 0.095000 6.843631 3.000000
3.600000 0.137000 7.664108 4.000000
3.600000 0.189000 10.476857 4.000000
3.600000 0.254000 7.069496 3.000000
3.600000 0.216000 10.440837 4.000000
3.600000 0.284000 16.123715 6.000000
3.600000 0.134000 7.881069 4.000000
3.600000 0.211000 8.802849 4.000000
3.600000 0.128000 8.408902 4.000000
3.600000 0.283000 9.302232 4.000000
3.600000 0.117000 7.115823 3.000000
3.600000 0.438000 13.542057 5.000000
3.600000 0.225000 9.527199 4.000000
3.600000 0.317000 7.913889 4.000000
3.600000 0.236000 11.102956 5.000000
3.600000 0.121000 6.707189 4.000000
3.600000 0.210000 11.912518 5.000000
3.600000 0.170000 9.669466 5.000000
3.600000 0.124000 5.486747 4.000000
3.600000 0.106000 6.811692 3.000000
3.600000 0.140000 8.697866 4.000000
3.600000 0.099000 6.555814 4.000000
3.600000 0.293000 12.440830 5.000000
3.600000 0.246000 10.052305 4.000000
3.600000 0.189000 6.687944 4.000000
3.600000 0.142000 8.243946 4.000000
3.600000 0.264000 8.600700 4.000000
3.700000 0.258000 6.446101 3.000000
3.700000 0.165000 9.827229 4.000000
3.700000 0.113000 7.851184 4.000000
3.700000 0.128000 6.570670 4.000000
3.700000 0.183000 8.323804 4.000000
3.700000 0.149000 8.454729 4.000000
3.700000 0.493000 11.959448 5.000000
3.700000 0.266000 8.768265 4.000000
3.700000 0.137000 6.555417 4.000000
3.700000 0.158000 9.023219 4.000000
3.700000 0.296000 9.943182 4.000000
3.700000 0.160000 7.598984 4.000000
3.700000 0.267000 15.056736 6.000000
3.700000 0.135000 8.453098 4.000000
3.700000 0.121000 6.460384 4.000000
3.700000 0.151000 8.669048 4.000000
3.700000 0.139000 8.909936 4.000000
3.700000 0.130000 7.003732 3.000000
3.700000 0.123000 7.464217 4.000000
3.700000 0.118000 6.783208 3.000000
3.700000 0.240000 8.014797 4.000000
3.700000 0.102000 6.698149 3.000000
3.700000 0.261000 9.194321 4.000000
3.700000 0.167000 8.839778 4.000000
3.700000 0.159000 8.886411 4.000000
3.700000 0.156000 8.667947 4.000000
3.700000 0.184000 6.862599 3.000000
3.700000 0.154000 9.363223 4.000000
3.700000 0.367000 10.089719 4.000000
3.700000 0.298000 6.115080 4.000000
3.800000 0.114000 5.980730 3.000000
3.800000 0.354000 12.028130 5.000000
3.800000 0.201000 9.057439 4.000000
3.800000 0.114000 6.903052 3.000000
3.800000 0.290000 10.579754 5.000000
3.800000 0.319000 14.310302 6.000000
3.800000 0.220000 8.237797 4.000000
3.800000 0.145000 8.975775 4.000000
3.800000 0.379000 15.948485 6.000000
3.800000 0.341000 5.482709 3.000000
3.800000 0.670000 10.729776 5.000000
3.800000 0.118000 5.910863 3.000000
3.800000 0.203000 7.618156 4.000000
3.800000 0.449000 10.093702 4.000000
3.800000 0.102000 5.558391 3.000000
3.800000 0.133000 6.789165 3.000000
3.800000 0.127000 7.166063 3.000000
3.800000 0.206000 8.166277 4.000000
3.800000 0.181000 5.960174 3.000000
3.800000 0.139000 8.099167 4.000000
3.800000 0.179000 12.084397 5.000000
3.800000 0.451000 11.133434 5.000000
3.800000 0.213000 11.520546 5.000000
3.800000 0.134000 7.691988 4.000000
3.800000 0.285000 14.163550 5.000000
3.800000 0.222000 9.998016 4.000000
3.800000 0.157000 8.001716 4.000000
3.800000 0.209000 11.477691 5.000000
3.800000 0.387000 7.297348 4.000000
3.800000 0.109000 7.649930 4.000000
3.900000 0.151000 8.880398 4.000000
3.900000 0.167000 8.544385 4.000000
3.900000 0.133000 7.094027 4.000000
3.900000 0.125000 7.562983 3.000000
3.900000 0.233000 8.896351 4.000000
3.900000 0.399000 15.803239 6.000000
3.900000 0.223000 8.128459 4.000000
3.900000 0.338000 7.987756 4.000000
3.900000 0.488000 6.561082 3.000000
3.900000 0.119000 6.695512 3.000000
3.900000 0.354000 11.761905 5.000000
3.900000 0.456000 10.767417 4.000000
3.900000 0.125000 8.100330 4.000000
3.900000 0.244000 6.139102 3.000000
3.900000 0.164000 8.181128 4.000000
3.900000 0.149000 8.098612 4.000000
3.900000 0.612000 18.801666 6.000000
3.900000 0.192000 10.377991 5.000000
3.900000 0.567000 10.999666 4.000000
3.900000 0.143000 9.024610 4.000000
3.900000 0.227000 7.794083 4.000000
3.900000 0.106000 5.983722 3.000000
3.900000 0.205000 7.812011 4.000000
3.900000 0.109000 5.455362 3.000000
3.900000 0.101000 6.993121 3.000000
3.900000 0.349000 6.028562 3.000000
3.900000 0.403000 14.759925 5.000000
3.900000 0.209000 9.399741 4.000000
3.900000 0.404000 13.157365 5.000000
3.900000 0.350000 10.664490 4.000000
4.000000 0.237000 13.066825 5.000000
4.000000 0.147000 7.507452 3.000000
4.000000 0.163000 9.502106 4.000000
4.000000 0.412000 18.645056 7.000000
4.000000 0.215000 12.168414 5.000000
4.000000 0.164000 11.082482 4.000000
4.000000 0.428000 12.347861 5.000000
4.000000 0.289000 10.682075 4.000000
4.000000 0.377000 14.636735 5.000000
4.000000 0.084000 6.380874 3.000000
4.000000 0.256000 11.502086 4.000000
4.000000 0.215000 9.368745 4.000000
4.000000 0.110000 7.574271 3.000000
4.000000 0.465000 9.219383 4.000000
4.000000 0.206000 12.515405 5.000000
4.000000 0.336000 6.080796 3.000000
4.000000 0.122000 6.525563 3.000000
4.000000 0.190000 6.155370 3.000000
4.000000 0.147000 9.284173 4.000000
4.000000 0.107000 6.241867 3.000000
4.000000 0.284000 6.386645 3.000000
4.000000 0.843000 15.711579 6.000000
4.000000 0.328000 11.087000 4.000000
4.000000 0.137000 7.333546 3.000000
4.000000 0.589000 10.205237 4.000000
4.000000 0.148000 9.242157 4.000000
4.000000 0.172000 9.602113 4.000000
4.000000 0.237000 11.518102 5.000000
4.000000 0.134000 8.465187 4.000000
4.000000 0.194000 7.410047 3.000000
