0 2125 1.09702 0.00363112
0 1957 0.661238 0.00352972
0 2137 0.842792 0.00361481
0 2111 0.957944 0.00368911
0 2184 1.56753 0.00381765
0 2095 0.626536 0.00363261
0 2407 0.952393 0.00448886
0 2134 1.42489 0.00384287
0 2134 0.901868 0.00410553
0 2050 0.684353 0.00416914
0 2250 1.41385 0.00440237
0 1969 0.556167 0.00406197
0 2289 1.14849 0.00436626
0 1909 1.15056 0.00371053
0 2174 0.646857 0.00399599
0 2013 0.398827 0.00369259
0 2052 1.19686 0.00367108
0 2091 1.04692 0.00386464
0 2194 1.04212 0.00427162
0 2026 0.89802 0.00434094
0 2109 1.26014 0.00402759
0 1985 0.476398 0.00376459
0 1921 1.06074 0.00377077
0 2078 2.10977 0.00389996
0 2107 0.9014 0.00353136
0 2000 0.781575 0.00360658
0 2178 0.860308 0.00403618
0 2180 1.23183 0.00355787
0 2414 1.09627 0.00363257
0 1942 0.702568 0.00373711
1e-05 1895 1.0042 0.00364747
1e-05 1949 1.11417 0.00384873
1e-05 2064 1.21488 0.00371275
1e-05 2097 0.586747 0.00360052
1e-05 2128 1.57881 0.00382804
1e-05 1983 0.395848 0.00354614
1e-05 2239 1.30543 0.00436549
1e-05 2100 1.39105 0.0038302
1e-05 2178 0.89613 0.0040994
1e-05 2165 0.645528 0.00417748
1e-05 2214 2.02537 0.00455415
1e-05 1842 0.445944 0.00401889
1e-05 2292 1.2208 0.00445374
1e-05 1896 0.63819 0.0036773
1e-05 2135 0.653689 0.004002
1e-05 1911 0.421757 0.00363943
1e-05 2123 1.2721 0.00376963
1e-05 2109 0.590907 0.00389828
1e-05 2170 1.02327 0.00427385
1e-05 2193 0.800666 0.00427372
1e-05 2055 1.02102 0.0041061
1e-05 1979 0.492539 0.00376584
1e-05 1948 1.05372 0.00378357
1e-05 2014 0.770296 0.00376699
1e-05 2215 0.964926 0.00355099
1e-05 1979 0.899799 0.00361378
1e-05 2103 0.732627 0.00400209
1e-05 2162 1.30866 0.00360107
1e-05 2350 1.09685 0.00363922
1e-05 2010 0.358929 0.00358155
5e-05 1977 1.12713 0.00363505
5e-05 1898 0.6301 0.00362538
5e-05 2049 0.862142 0.00360076
5e-05 2068 0.43249 0.0036796
5e-05 2157 1.76228 0.00385799
5e-05 2014 0.753722 0.00368248
5e-05 2380 1.08581 0.00435581
5e-05 2113 1.3786 0.00383147
5e-05 2140 1.11292 0.00409307
5e-05 2074 0.684276 0.00420413
5e-05 2263 1.24522 0.00438827
5e-05 1935 0.573931 0.00407395
5e-05 2227 1.01639 0.00424001
5e-05 1966 0.502381 0.00374024
5e-05 2331 0.784386 0.0040438
5e-05 2058 0.377542 0.00369038
5e-05 2015 1.24374 0.0036877
5e-05 2199 0.824782 0.00393901
5e-05 2114 1.02938 0.00429057
5e-05 2139 0.777619 0.00425853
5e-05 2079 1.37118 0.00406136
5e-05 1933 0.622248 0.00373536
5e-05 2038 1.40571 0.00382876
5e-05 2056 0.840228 0.00378773
5e-05 2082 1.17364 0.00359957
5e-05 2011 0.779583 0.00360797
5e-05 2093 0.760533 0.00399724
5e-05 2044 1.21547 0.00353284
5e-05 2364 1.25705 0.0037318
5e-05 1938 0.740688 0.00379859
0.0001 2016 0.86625 0.00345277
0.0001 1879 0.888665 0.00376127
0.0001 2096 1.32697 0.00387814
0.0001 2065 0.379982 0.00378471
0.0001 2016 1.32582 0.0037835
0.0001 1991 0.660058 0.00364208
0.0001 2299 1.28445 0.00446907
0.0001 2219 1.4362 0.0037378
0.0001 2152 1.16726 0.00398208
0.0001 2099 0.836599 0.00410084
0.0001 2369 1.3497 0.00442132
0.0001 1938 0.602467 0.00402873
0.0001 2271 1.16374 0.00437265
0.0001 1936 0.449841 0.00370255
0.0001 2226 0.717344 0.00423872
0.0001 1912 0.548098 0.00357071
0.0001 2183 1.31775 0.00379463
0.0001 2005 0.583858 0.00392889
0.0001 2147 0.992929 0.0042429
0.0001 2172 0.795018 0.00415876
0.0001 2060 1.38942 0.0040676
0.0001 1895 0.113874 0.00380281
0.0001 1995 1.52943 0.00386499
0.0001 2064 0.754575 0.00370084
0.0001 2172 0.50275 0.00371967
0.0001 1999 79.3489 0.0619942
0.0001 2103 0.697017 0.00399711
0.0001 2200 1.25235 0.0036043
0.0001 2484 1.44292 0.00414549
0.0001 1959 0.787143 0.00357101
0.0005 2018 0.560096 0.00360757
0.0005 1886 0.806494 0.00374
0.0005 2006 0.971692 0.00361423
0.0005 2083 2.04611 0.00372939
0.0005 2185 1.63167 0.00393921
0.0005 2037 0.619857 0.00344003
0.0005 2478 1.19487 0.00424472
0.0005 2038 1.62016 0.00381498
0.0005 2147 1.23933 0.00419465
0.0005 2162 1.04048 0.00403374
0.0005 2178 0.670985 0.00420355
0.0005 2031 0.179314 0.00382023
0.0005 2222 1.29688 0.00447252
0.0005 1977 1.0472 0.00348752
0.0005 2211 1.51411 0.00398874
0.0005 2009 0.96411 0.00349772
0.0005 1997 1.81291 0.00371107
0.0005 2184 0.625069 0.00406282
0.0005 2318 0.854266 0.00407987
0.0005 2370 0.978128 0.00438175
0.0005 2213 2.08863 0.00421437
0.0005 1908 0.576483 0.00357892
0.0005 2162 0.698669 0.00351029
0.0005 2054 1.2116 0.00378953
0.0005 2063 1.00606 0.00345477
0.0005 1968 0.414262 0.00361247
0.0005 2320 0.876714 0.00409887
0.0005 2289 1.49588 0.003771
0.0005 2371 1.50048 0.00400774
0.0005 2014 1.21052 0.0035573
0.001 1970 0.756637 0.00369917
0.001 1921 0.764649 0.00385284
0.001 2139 0.548709 0.00376555
0.001 1913 1.00897 0.00355966
0.001 2168 1.47585 0.00364112
0.001 1935 68.4747 0.00773058
0.001 1907 1.06707 0.00445358
0.001 2012 1.96883 0.00372169
0.001 2160 1.02699 0.0040309
0.001 2017 0.900198 0.00415367
0.001 2367 1.58328 0.0039977
0.001 1933 nan 0.00362695
0.001 2578 1.7072 0.00415142
0.001 2031 1.01689 0.00370315
0.001 2219 1.66148 0.00418421
0.001 2026 0.500531 0.00367373
0.001 1878 0.787557 0.00357914
0.001 2268 0.881209 0.00405368
0.001 2276 1.04367 0.00417395
0.001 2371 1.11694 0.00379454
0.001 2288 0.965793 0.00403314
0.001 1989 1.31314 0.00358967
0.001 1992 1.02496 0.00340393
0.001 2100 1.57763 0.00382163
0.001 2151 0.993403 0.00381536
0.001 2127 0.327962 0.00347342
0.001 2374 0.516339 0.00364029
0.001 2278 1.4475 0.00376548
0.001 2225 1.18209 0.00407067
0.001 1791 0.887461 0.00375223
0.002 2138 1.15327 0.00358793
0.002 2071 0.687394 0.00351259
0.002 2060 0.643405 0.00387394
0.002 2063 0.742472 0.00402383
0.002 2070 1.54175 0.00374663
0.002 2050 1.54355 0.00365916
0.002 2490 nan 0.00384498
0.002 1895 0.516003 0.00336315
0.002 2278 0.513228 0.00321663
0.002 2214 1.03562 0.00361481
0.002 2328 0.688006 0.00413258
0.002 1990 0.824 0.00367722
0.002 1983 0.728689 0.00380815
0.002 2079 0.699053 0.00350112
0.002 1952 0.315627 0.00325802
0.002 1917 1.81213 0.00363377
0.002 2162 3.11446 0.00331527
0.002 1981 0.646781 0.00362468
0.002 2185 0.589293 0.00376152
0.002 2003 88.0645 0.0683028
0.002 1898 1.75833 0.00436534
0.002 1960 1.25524 0.00352019
0.002 2059 0.521541 0.00399712
0.002 2092 1.05576 0.003981
0.002 2121 1.2134 0.00340498
0.002 2020 0.303867 0.00369217
0.002 2032 1.98018 0.00364493
0.002 2030 0.633287 0.00310031
0.002 2606 0.942058 0.00353965
0.002 2007 1.73357 0.00354855
0.003 2272 1.93594 0.00408894
0.003 1934 1.11624 0.00378862
0.003 1964 0.485673 0.00384856
0.003 1916 0.812106 0.00446269
0.003 1890 2.7493 0.00533673
0.003 1900 3.37958 0.00375775
0.003 1990 125.721 0.0175413
0.003 1789 3.07827 0.00336385
0.003 2106 1.76372 0.00405631
0.003 1825 0.401769 0.00356237
0.003 1825 1.13932 0.00397663
0.003 2129 1.67577 0.00405937
0.003 2044 138.667 0.0533204
0.003 1726 0.725743 0.004253
0.003 1804 3.18622 0.00356004
0.003 1754 117.058 0.0658133
0.003 1965 2.43564 0.00415851
0.003 1606 160.498 0.0510427
0.003 2141 0.871935 0.00415622
0.003 1929 2.25836 0.00419871
0.003 1780 1.68708 0.00423949
0.003 1890 176.665 0.0104964
0.003 1806 1.41089 0.00414576
0.003 1855 1.78346 0.00376429
0.003 1684 68.0969 0.0662404
0.003 2078 2.64441 0.00388981
0.003 1778 0.778162 0.00364597
0.003 1956 176.762 0.0102525
0.003 1641 1.77107 0.00360517
0.003 1789 2.47427 0.00446436
0.004 1502 61.4584 0.0529897
0.004 1845 68.9276 0.0663881
0.004 1671 168.972 0.00764002
0.004 1679 50.5775 0.0470995
0.004 1794 133.405 0.0509571
0.004 1496 1.68017 0.0051638
0.004 1511 155.35 0.0141449
0.004 1450 144.761 0.0561234
0.004 1697 175.31 0.00671243
0.004 1512 165.675 0.0622439
0.004 1795 172.457 0.00885904
0.004 1545 139.446 0.0519489
0.004 1912 2.90367 0.00512714
0.004 1669 32.4096 0.00538274
0.004 1844 5.17113 0.00441729
0.004 2349 165.243 0.00385554
0.004 1700 4.50914 0.00595742
0.004 1651 2.52536 0.00585949
0.004 1900 2.15394 0.00565321
0.004 1689 4.09302 0.00578598
0.004 1653 65.7436 0.0130314
0.004 1572 2.43807 0.00554621
0.004 1775 4.75829 0.00594116
0.004 2122 1.38882 0.00583522
0.004 1382 3.56259 0.0062511
0.004 1774 65.2011 0.00702992
0.004 1654 3.56773 0.00595757
0.004 1689 3.4104 0.00622377
0.004 1691 19.2522 0.00654646
0.004 2065 146.039 0.0407675
0.005 1370 52.6624 0.052197
0.005 1336 97.9511 0.0585126
0.005 1460 177.807 0.0851405
0.005 1537 164.56 0.00531948
0.005 1381 165.887 0.0411552
0.005 1364 91.3582 0.0642573
0.005 1405 134.859 0.0597185
0.005 1328 159.544 0.0647318
0.005 1438 163.895 0.0498899
0.005 1351 163.669 0.0183908
0.005 1396 159.16 0.00374764
0.005 1465 177.695 0.00572369
0.005 1340 178.506 0.0088764
0.005 1414 31.1294 0.0541182
0.005 1410 167.648 0.0316487
0.005 1320 103.139 0.0773361
0.005 1603 83.2616 0.00927927
0.005 1430 162.398 0.0987535
0.005 1528 62.5768 0.0106049
0.005 1347 69.924 0.052429
0.005 1572 52.2038 0.0513735
0.005 1336 173.41 0.0526228
0.005 1402 144.036 0.0535386
0.005 1364 142.628 0.0540041
0.005 1429 18.0935 0.00718638
0.005 1333 177.219 0.0553032
0.005 1322 157.074 0.0499324
0.005 1372 169.558 0.054744
0.005 1450 14.9316 0.00792302
0.005 1407 171.217 0.0924017
