0.100000 0.427000 4.690152 48.000000
0.100000 0.174000 4.479965 46.000000
0.100000 0.166000 4.476628 46.000000
0.100000 0.296000 4.653302 48.000000
0.100000 0.225000 4.339961 45.000000
0.100000 0.511000 6.120719 63.000000
0.100000 0.170000 4.540489 47.000000
0.100000 0.318000 4.629217 48.000000
0.100000 0.397000 5.254443 54.000000
0.100000 0.433000 4.553202 47.000000
0.100000 0.280000 4.485763 46.000000
0.100000 0.410000 5.446388 56.000000
0.100000 0.384000 4.816850 50.000000
0.100000 0.750000 5.078851 52.000000
0.100000 0.208000 4.496699 46.000000
0.100000 0.204000 4.718455 49.000000
0.100000 0.242000 4.726100 49.000000
0.100000 0.297000 4.585980 47.000000
0.100000 0.635000 4.870033 50.000000
0.100000 0.413000 4.602938 48.000000
0.100000 0.238000 5.217938 54.000000
0.100000 0.223000 4.439848 46.000000
0.100000 0.530000 4.545834 47.000000
0.100000 0.206000 4.434446 46.000000
0.100000 0.182000 4.650801 48.000000
0.100000 0.260000 4.783820 49.000000
0.100000 0.267000 4.443336 46.000000
0.100000 0.287000 4.679192 48.000000
0.100000 0.246000 4.387980 45.000000
0.100000 0.254000 5.096347 52.000000
0.200000 0.100000 3.972881 21.000000
0.200000 0.150000 4.717722 25.000000
0.200000 0.620000 4.818977 26.000000
0.200000 0.205000 4.386417 23.000000
0.200000 0.171000 4.407778 24.000000
0.200000 0.123000 4.128081 22.000000
0.200000 0.200000 4.504740 24.000000
0.200000 0.429000 4.941545 26.000000
0.200000 0.152000 4.251939 23.000000
0.200000 0.208000 4.783200 25.000000
0.200000 0.261000 4.404278 24.000000
0.200000 0.358000 6.507779 34.000000
0.200000 0.503000 5.921797 31.000000
0.200000 0.489000 4.928479 26.000000
0.200000 0.177000 5.271415 28.000000
0.200000 0.350000 6.506355 34.000000
0.200000 0.127000 4.221212 23.000000
0.200000 0.183000 4.936453 26.000000
0.200000 0.263000 5.885504 31.000000
0.200000 0.155000 4.515977 24.000000
0.200000 0.166000 4.382602 23.000000
0.200000 0.203000 4.668097 25.000000
0.200000 0.128000 4.182748 22.000000
0.200000 0.235000 5.342643 28.000000
0.200000 0.398000 6.065580 32.000000
0.200000 0.384000 5.747197 30.000000
0.200000 0.114000 3.985418 21.000000
0.200000 0.197000 4.797641 25.000000
0.200000 0.138000 4.168608 22.000000
0.200000 0.461000 4.358815 23.000000
0.300000 0.157000 4.745046 17.000000
0.300000 0.117000 4.377296 16.000000
0.300000 0.113000 4.149328 15.000000
0.300000 0.153000 4.373890 16.000000
0.300000 0.152000 4.595352 17.000000
0.300000 0.144000 4.621688 17.000000
0.300000 0.179000 5.511813 20.000000
0.300000 0.213000 4.916051 18.000000
0.300000 0.165000 4.935271 18.000000
0.300000 0.145000 4.334415 16.000000
0.300000 0.123000 4.794532 17.000000
0.300000 0.256000 4.301355 16.000000
0.300000 0.142000 5.187676 19.000000
0.300000 0.151000 4.901086 18.000000
0.300000 0.139000 4.418086 16.000000
0.300000 0.178000 5.268345 19.000000
0.300000 0.143000 5.103535 19.000000
0.300000 0.218000 5.362306 19.000000
0.300000 0.174000 4.884097 18.000000
0.300000 0.136000 4.442824 16.000000
0.300000 0.320000 5.308907 19.000000
0.300000 0.162000 4.713089 17.000000
0.300000 0.219000 4.974125 18.000000
0.300000 0.181000 5.245529 19.000000
0.300000 0.138000 4.912959 18.000000
0.300000 0.146000 5.047138 18.000000
0.300000 0.336000 6.044120 22.000000
0.300000 0.170000 4.707661 17.000000
0.300000 0.089000 3.977374 15.000000
0.300000 0.268000 4.579808 17.000000
0.400000 0.159000 4.476731 13.000000
0.400000 0.129000 4.449675 13.000000
0.400000 0.100000 4.225366 12.000000
0.400000 0.147000 4.507234 13.000000
0.400000 0.167000 4.869247 14.000000
0.400000 0.141000 5.206025 15.000000
0.400000 0.154000 4.888916 14.000000
0.400000 0.094000 4.147882 12.000000
0.400000 0.223000 5.320961 15.000000
0.400000 0.114000 4.276551 12.000000
0.400000 0.101000 4.220138 12.000000
0.400000 0.145000 4.049107 12.000000
0.400000 0.117000 5.118514 14.000000
0.400000 0.128000 5.144414 14.000000
0.400000 0.203000 5.322164 15.000000
0.400000 0.225000 6.223045 17.000000
0.400000 0.379000 5.658342 16.000000
0.400000 0.117000 4.720936 13.000000
0.400000 0.104000 4.087998 12.000000
0.400000 0.104000 4.129617 12.000000
0.400000 0.128000 5.174130 14.000000
0.400000 0.166000 5.366450 15.000000
0.400000 0.184000 5.544530 15.000000
0.400000 0.241000 5.919367 16.000000
0.400000 0.123000 5.614239 16.000000
0.400000 0.177000 5.452634 15.000000
0.400000 0.093000 4.123740 12.000000
0.400000 0.174000 5.131097 14.000000
0.400000 0.122000 4.552324 13.000000
0.400000 0.128000 5.282049 15.000000
0.500000 0.086000 4.180676 10.000000
0.500000 0.090000 4.285650 10.000000
0.500000 0.087000 4.160815 10.000000
0.500000 0.168000 6.371499 14.000000
0.500000 0.139000 5.740143 13.000000
0.500000 0.092000 4.246109 10.000000
0.500000 0.212000 5.708687 13.000000
0.500000 0.175000 5.473774 12.000000
0.500000 0.140000 5.419227 12.000000
0.500000 0.390000 6.401259 14.000000
0.500000 0.154000 4.398011 10.000000
0.500000 0.140000 5.288179 12.000000
0.500000 0.100000 4.254727 10.000000
0.500000 0.148000 6.236546 14.000000
0.500000 0.131000 4.622746 11.000000
0.500000 0.327000 4.675319 11.000000
0.500000 0.152000 5.219396 12.000000
0.500000 0.274000 5.710192 13.000000
0.500000 0.137000 5.824368 13.000000
0.500000 0.139000 5.761033 13.000000
0.500000 0.103000 4.439568 10.000000
0.500000 0.142000 6.256706 14.000000
0.500000 0.091000 4.337601 10.000000
0.500000 0.241000 4.493545 10.000000
0.500000 0.126000 4.226000 10.000000
0.500000 0.139000 4.599262 11.000000
0.500000 0.087000 4.247185 10.000000
0.500000 0.436000 9.280019 20.000000
0.500000 0.090000 4.274522 10.000000
0.500000 0.198000 4.580130 11.000000
0.600000 0.108000 4.757256 9.000000
0.600000 0.094000 4.288111 9.000000
0.600000 0.103000 4.427497 9.000000
0.600000 0.129000 5.251116 10.000000
0.600000 0.408000 6.601420 13.000000
0.600000 0.126000 5.223594 10.000000
0.600000 0.235000 5.785656 11.000000
0.600000 0.114000 4.616477 9.000000
0.600000 0.162000 5.129848 10.000000
0.600000 0.220000 8.112567 15.000000
0.600000 0.102000 4.684855 9.000000
0.600000 0.086000 4.102419 8.000000
0.600000 0.109000 5.186053 10.000000
0.600000 0.111000 4.807992 10.000000
0.600000 0.181000 6.510892 12.000000
0.600000 0.095000 4.304506 9.000000
0.600000 0.111000 4.673678 9.000000
0.600000 0.092000 4.316661 9.000000
0.600000 0.118000 4.598046 9.000000
0.600000 0.151000 4.638226 9.000000
0.600000 0.240000 6.037656 12.000000
0.600000 0.092000 4.373370 9.000000
0.600000 0.281000 5.720953 11.000000
0.600000 0.096000 4.269000 9.000000
0.600000 0.182000 5.534459 11.000000
0.600000 0.172000 5.701714 11.000000
0.600000 0.275000 6.564709 12.000000
0.600000 0.281000 6.085976 12.000000
0.600000 0.171000 5.793907 11.000000
0.600000 0.094000 4.303821 9.000000
0.700000 0.138000 5.912940 10.000000
0.700000 0.258000 6.006620 10.000000
0.700000 0.119000 4.769349 8.000000
0.700000 0.176000 6.254289 10.000000
0.700000 0.241000 6.136162 10.000000
0.700000 0.142000 5.765086 10.000000
0.700000 0.087000 4.379244 8.000000
0.700000 0.124000 4.682839 8.000000
0.700000 0.158000 5.271822 9.000000
0.700000 0.138000 4.555949 8.000000
0.700000 0.198000 6.193632 10.000000
0.700000 0.096000 4.340031 8.000000
0.700000 0.156000 5.965238 10.000000
0.700000 0.128000 4.826309 8.000000
0.700000 0.132000 5.473899 9.000000
0.700000 0.161000 5.013495 9.000000
0.700000 0.197000 5.347958 9.000000
0.700000 0.106000 4.568942 8.000000
0.700000 0.112000 5.006991 9.000000
0.700000 0.088000 4.337962 8.000000
0.700000 0.105000 4.584619 8.000000
0.700000 0.093000 4.725726 8.000000
0.700000 0.098000 4.785002 8.000000
0.700000 0.108000 4.483487 8.000000
0.700000 0.260000 7.854083 13.000000
0.700000 0.111000 5.118588 9.000000
0.700000 0.181000 6.294876 10.000000
0.700000 0.148000 4.994791 9.000000
0.700000 0.103000 4.783760 8.000000
0.700000 0.100000 4.977805 9.000000
0.800000 0.183000 5.533469 8.000000
0.800000 0.254000 6.170646 9.000000
0.800000 0.401000 6.786498 10.000000
0.800000 0.136000 6.121761 9.000000
0.800000 0.261000 7.414445 11.000000
0.800000 0.193000 5.478062 8.000000
0.800000 0.213000 7.429669 11.000000
0.800000 0.111000 4.273542 7.000000
0.800000 0.175000 5.833306 9.000000
0.800000 0.149000 4.810150 8.000000
0.800000 0.251000 7.309286 11.000000
0.800000 0.134000 5.074935 8.000000
0.800000 0.140000 4.690854 7.000000
0.800000 0.192000 5.801287 9.000000
0.800000 0.155000 5.505708 8.000000
0.800000 0.147000 5.200188 8.000000
0.800000 0.265000 6.763296 10.000000
0.800000 0.097000 4.193501 7.000000
0.800000 0.308000 5.362260 8.000000
0.800000 0.108000 4.364923 7.000000
0.800000 0.184000 6.506425 10.000000
0.800000 0.456000 10.625427 15.000000
0.800000 0.101000 4.512445 7.000000
0.800000 0.101000 4.898049 8.000000
0.800000 0.222000 7.506580 11.000000
0.800000 0.262000 5.457848 8.000000
0.800000 0.125000 5.206427 8.000000
0.800000 0.167000 5.680999 9.000000
0.800000 0.157000 5.701454 9.000000
0.800000 0.102000 4.617125 7.000000
0.900000 0.092000 4.756176 7.000000
0.900000 0.192000 6.131971 8.000000
0.900000 0.160000 4.564466 7.000000
0.900000 0.111000 5.662595 8.000000
0.900000 0.102000 4.801171 7.000000
0.900000 0.176000 5.752380 8.000000
0.900000 0.129000 5.330366 7.000000
0.900000 0.218000 6.133982 8.000000
0.900000 0.234000 5.896197 8.000000
0.900000 0.397000 8.618295 11.000000
0.900000 0.112000 4.631837 7.000000
0.900000 0.224000 5.997932 8.000000
0.900000 0.111000 4.925617 7.000000
0.900000 0.148000 5.797744 8.000000
0.900000 0.208000 6.145141 8.000000
0.900000 0.095000 4.752874 7.000000
0.900000 0.130000 5.802654 8.000000
0.900000 0.095000 4.685953 7.000000
0.900000 0.105000 5.473601 8.000000
0.900000 0.149000 5.779216 8.000000
0.900000 0.118000 4.749532 7.000000
0.900000 0.172000 6.456493 9.000000
0.900000 0.103000 4.575223 7.000000
0.900000 0.355000 7.913245 10.000000
0.900000 0.259000 6.131489 8.000000
0.900000 0.149000 5.373771 7.000000
0.900000 0.179000 5.532336 8.000000
0.900000 0.102000 4.639376 7.000000
0.900000 0.280000 6.856781 9.000000
0.900000 0.313000 8.124373 11.000000
1.000000 0.141000 6.191457 8.000000
1.000000 0.508000 11.135471 13.000000
1.000000 0.502000 7.941663 9.000000
1.000000 0.104000 4.858494 6.000000
1.000000 0.407000 7.245132 9.000000
1.000000 0.115000 5.447120 7.000000
1.000000 0.134000 5.002859 7.000000
1.000000 0.160000 7.294870 9.000000
1.000000 0.237000 6.650289 8.000000
1.000000 0.096000 4.323308 6.000000
1.000000 0.212000 8.270598 10.000000
1.000000 0.230000 6.151675 8.000000
1.000000 0.135000 6.254502 8.000000
1.000000 0.106000 4.968739 6.000000
1.000000 0.136000 5.593016 7.000000
1.000000 0.183000 7.190505 9.000000
1.000000 0.111000 5.422585 7.000000
1.000000 0.127000 4.632452 6.000000
1.000000 0.094000 4.755494 6.000000
1.000000 0.238000 5.910144 7.000000
1.000000 0.101000 4.974773 6.000000
1.000000 0.114000 5.261551 7.000000
1.000000 0.266000 6.205287 8.000000
1.000000 0.246000 6.003815 8.000000
1.000000 0.142000 4.748638 6.000000
1.000000 0.101000 4.850602 6.000000
1.000000 0.093000 4.812815 6.000000
1.000000 0.118000 4.590908 6.000000
1.000000 0.108000 5.067070 7.000000
1.000000 0.124000 5.601158 7.000000
1.100000 0.169000 5.918686 7.000000
1.100000 0.129000 6.275316 7.000000
1.100000 0.171000 6.579516 7.000000
1.100000 0.130000 5.839435 7.000000
1.100000 0.158000 5.922024 7.000000
1.100000 0.118000 4.486888 6.000000
1.100000 0.098000 4.501397 6.000000
1.100000 0.394000 5.890251 7.000000
1.100000 0.250000 7.225076 8.000000
1.100000 0.309000 8.188427 9.000000
1.100000 0.111000 5.023714 6.000000
1.100000 0.167000 6.769902 8.000000
1.100000 0.228000 4.865885 6.000000
1.100000 0.175000 5.710256 7.000000
1.100000 0.215000 7.418673 8.000000
1.100000 0.138000 4.872573 6.000000
1.100000 0.105000 5.132543 6.000000
1.100000 0.197000 5.286165 6.000000
1.100000 0.137000 6.024451 7.000000
1.100000 0.251000 5.874311 7.000000
1.100000 0.130000 5.300140 6.000000
1.100000 0.247000 7.492259 8.000000
1.100000 0.228000 7.050295 8.000000
1.100000 0.292000 5.053441 6.000000
1.100000 0.190000 7.006163 8.000000
1.100000 0.483000 11.290911 12.000000
1.100000 0.341000 8.956958 10.000000
1.100000 0.120000 6.022614 7.000000
1.100000 0.183000 5.714082 7.000000
1.100000 0.146000 4.973403 6.000000
1.200000 0.214000 7.560770 8.000000
1.200000 0.287000 9.812556 10.000000
1.200000 0.399000 8.466710 9.000000
1.200000 0.277000 6.884486 7.000000
1.200000 0.105000 5.306688 6.000000
1.200000 0.262000 6.729168 7.000000
1.200000 0.130000 5.207167 6.000000
1.200000 0.200000 7.445658 8.000000
1.200000 0.217000 8.383802 8.000000
1.200000 0.132000 4.772497 5.000000
1.200000 0.119000 5.094331 6.000000
1.200000 0.122000 5.281454 6.000000
1.200000 0.551000 7.426717 8.000000
1.200000 0.495000 10.533600 10.000000
1.200000 0.227000 7.196708 7.000000
1.200000 0.219000 5.311051 6.000000
1.200000 0.330000 6.198130 7.000000
1.200000 0.237000 9.247793 9.000000
1.200000 0.121000 5.847822 6.000000
1.200000 0.132000 6.715538 7.000000
1.200000 0.135000 6.086513 7.000000
1.200000 0.179000 5.064417 6.000000
1.200000 0.185000 6.411877 7.000000
1.200000 0.147000 5.445809 6.000000
1.200000 0.353000 7.995410 8.000000
1.200000 0.168000 6.896821 7.000000
1.200000 0.239000 4.769829 5.000000
1.200000 0.104000 5.120139 6.000000
1.200000 0.246000 9.164046 9.000000
1.200000 0.242000 7.191391 7.000000
1.300000 0.178000 5.337054 6.000000
1.300000 0.100000 5.252280 6.000000
1.300000 0.105000 5.300510 6.000000
1.300000 0.174000 8.365078 8.000000
1.300000 0.129000 6.213273 6.000000
1.300000 0.142000 5.935021 6.000000
1.300000 0.318000 9.172155 9.000000
1.300000 0.256000 8.090411 8.000000
1.300000 0.222000 6.714749 7.000000
1.300000 0.107000 5.225114 6.000000
1.300000 0.168000 7.228723 7.000000
1.300000 0.319000 5.399017 6.000000
1.300000 0.148000 7.989158 8.000000
1.300000 0.325000 9.938923 9.000000
1.300000 0.223000 6.430096 6.000000
1.300000 0.108000 5.389584 6.000000
1.300000 0.123000 6.117380 6.000000
1.300000 0.155000 5.355670 6.000000
1.300000 0.347000 10.340813 9.000000
1.300000 0.136000 6.853491 7.000000
1.300000 0.194000 7.630803 7.000000
1.300000 0.219000 6.330628 6.000000
1.300000 0.196000 5.118685 5.000000
1.300000 0.109000 5.773196 6.000000
1.300000 0.259000 7.043391 7.000000
1.300000 0.191000 7.058244 7.000000
1.300000 0.125000 6.027140 6.000000
1.300000 0.100000 5.096300 5.000000
1.300000 0.155000 6.677595 7.000000
1.300000 0.183000 5.798033 6.000000
1.400000 0.260000 5.918202 6.000000
1.400000 0.332000 7.873895 7.000000
1.400000 0.141000 6.950823 6.000000
1.400000 0.244000 4.915279 5.000000
1.400000 0.235000 6.137535 6.000000
1.400000 0.142000 6.418918 6.000000
1.400000 0.190000 8.091652 7.000000
1.400000 0.209000 5.520129 5.000000
1.400000 0.252000 8.146296 7.000000
1.400000 0.187000 8.296835 7.000000
1.400000 0.174000 5.807737 6.000000
1.400000 0.117000 5.255435 5.000000
1.400000 0.141000 7.142447 7.000000
1.400000 0.183000 7.785757 7.000000
1.400000 0.225000 8.192013 7.000000
1.400000 0.182000 7.185487 7.000000
1.400000 0.227000 7.252031 7.000000
1.400000 0.115000 5.355979 5.000000
1.400000 0.119000 5.527631 5.000000
1.400000 0.168000 7.029256 7.000000
1.400000 0.347000 7.840371 7.000000
1.400000 0.602000 9.545169 8.000000
1.400000 0.886000 13.109320 11.000000
1.400000 0.264000 8.367041 7.000000
1.400000 0.130000 5.903047 6.000000
1.400000 0.336000 7.759729 7.000000
1.400000 0.387000 7.226623 7.000000
1.400000 0.374000 8.305159 7.000000
1.400000 0.283000 9.326781 8.000000
1.400000 0.107000 5.447494 5.000000
1.500000 0.136000 6.088313 6.000000
1.500000 0.119000 6.227842 6.000000
1.500000 0.178000 6.825071 6.000000
1.500000 0.155000 6.222883 6.000000
1.500000 0.296000 7.755952 7.000000
1.500000 0.164000 7.881095 7.000000
1.500000 0.143000 4.451217 4.000000
1.500000 0.232000 8.744977 7.000000
1.500000 0.092000 5.074262 5.000000
1.500000 0.151000 6.787776 6.000000
1.500000 0.267000 5.885513 5.000000
1.500000 0.136000 5.656525 5.000000
1.500000 0.142000 7.509606 7.000000
1.500000 0.344000 8.739407 7.000000
1.500000 0.280000 6.668448 6.000000
1.500000 0.126000 5.282243 5.000000
1.500000 0.164000 6.446465 6.000000
1.500000 0.203000 6.895619 6.000000
1.500000 0.564000 12.973945 10.000000
1.500000 0.159000 4.999038 5.000000
1.500000 0.116000 5.559582 5.000000
1.500000 0.647000 9.670733 8.000000
1.500000 0.428000 6.838416 6.000000
1.500000 0.102000 5.499035 5.000000
1.500000 0.243000 4.566171 5.000000
1.500000 0.671000 12.073970 10.000000
1.500000 0.152000 8.036649 7.000000
1.500000 0.269000 7.507236 7.000000
1.500000 0.167000 6.795481 6.000000
1.500000 0.112000 5.411372 5.000000
1.600000 0.382000 9.467997 7.000000
1.600000 0.541000 5.366766 5.000000
1.600000 0.170000 7.724346 6.000000
1.600000 0.297000 9.085621 7.000000
1.600000 0.100000 5.429095 5.000000
1.600000 0.309000 10.121407 8.000000
1.600000 0.135000 6.869751 6.000000
1.600000 0.349000 7.364947 6.000000
1.600000 0.473000 16.106021 12.000000
1.600000 0.378000 5.458862 5.000000
1.600000 0.153000 5.644654 5.000000
1.600000 0.262000 11.503264 9.000000
1.600000 0.452000 6.387522 5.000000
1.600000 0.260000 7.010413 6.000000
1.600000 0.773000 10.792586 8.000000
1.600000 0.136000 6.135077 5.000000
1.600000 0.218000 7.174450 6.000000
1.600000 0.095000 5.264540 5.000000
1.600000 0.140000 6.755315 6.000000
1.600000 0.117000 5.557178 5.000000
1.600000 0.228000 7.512567 6.000000
1.600000 0.121000 5.679977 5.000000
1.600000 0.146000 6.044141 5.000000
1.600000 0.340000 5.511601 5.000000
1.600000 0.452000 7.375217 6.000000
1.600000 0.370000 9.759410 8.000000
1.600000 0.109000 5.618218 5.000000
1.600000 0.366000 8.929388 7.000000
1.600000 0.107000 5.755631 5.000000
1.600000 0.165000 6.816448 6.000000
1.700000 0.173000 7.993169 6.000000
1.700000 0.413000 8.512606 7.000000
1.700000 0.515000 10.328056 8.000000
1.700000 0.165000 7.532873 6.000000
1.700000 0.128000 7.127692 6.000000
1.700000 0.500000 10.608881 8.000000
1.700000 0.280000 7.373008 6.000000
1.700000 0.106000 5.670064 5.000000
1.700000 0.115000 5.814259 5.000000
1.700000 0.122000 6.427592 5.000000
1.700000 0.110000 5.932223 5.000000
1.700000 0.340000 11.587034 8.000000
1.700000 0.146000 6.002566 5.000000
1.700000 0.208000 9.567463 7.000000
1.700000 0.179000 6.823553 6.000000
1.700000 0.178000 7.025337 6.000000
1.700000 0.412000 10.896831 8.000000
1.700000 0.214000 7.298165 6.000000
1.700000 0.301000 10.486101 8.000000
1.700000 0.227000 7.079266 6.000000
1.700000 0.139000 7.422024 6.000000
1.700000 0.239000 9.606666 7.000000
1.700000 0.107000 5.855000 5.000000
1.700000 0.376000 10.454839 8.000000
1.700000 0.329000 7.545604 6.000000
1.700000 0.172000 7.217315 6.000000
1.700000 0.105000 5.873855 5.000000
1.700000 0.212000 7.545592 6.000000
1.700000 0.104000 5.857947 5.000000
1.700000 0.114000 5.916593 5.000000
1.800000 0.244000 12.651234 9.000000
1.800000 0.130000 6.257131 5.000000
1.800000 0.115000 6.167849 5.000000
1.800000 0.109000 5.620335 5.000000
1.800000 0.202000 5.755574 5.000000
1.800000 0.346000 9.781167 7.000000
1.800000 0.181000 7.049208 5.000000
1.800000 0.130000 5.891865 5.000000
1.800000 0.107000 6.093181 5.000000
1.800000 0.450000 9.705352 7.000000
1.800000 0.099000 5.674461 5.000000
1.800000 0.150000 6.384928 5.000000
1.800000 0.217000 7.622803 6.000000
1.800000 0.119000 7.249619 6.000000
1.800000 0.100000 5.563846 5.000000
1.800000 0.129000 5.590590 5.000000
1.800000 0.499000 7.041717 5.000000
1.800000 0.102000 5.858349 5.000000
1.800000 0.198000 9.070211 7.000000
1.800000 0.145000 5.229983 4.000000
1.800000 0.099000 5.585695 5.000000
1.800000 0.101000 5.494761 5.000000
1.800000 0.188000 7.315703 6.000000
1.800000 0.347000 8.067431 6.000000
1.800000 0.221000 7.646272 6.000000
1.800000 0.197000 8.501361 6.000000
1.800000 0.270000 8.300892 6.000000
1.800000 0.383000 8.749919 6.000000
1.800000 0.205000 9.556975 7.000000
1.800000 0.193000 6.988173 5.000000
1.900000 0.254000 7.443420 5.000000
1.900000 0.136000 5.895940 5.000000
1.900000 0.292000 6.187169 5.000000
1.900000 0.116000 5.844984 5.000000
1.900000 0.430000 8.118355 6.000000
1.900000 0.248000 8.596847 6.000000
1.900000 0.224000 7.623538 6.000000
1.900000 0.197000 6.938016 5.000000
1.900000 0.164000 8.595173 6.000000
1.900000 0.219000 7.533889 5.000000
1.900000 0.383000 8.835807 6.000000
1.900000 0.168000 5.885856 5.000000
1.900000 0.316000 8.962243 6.000000
1.900000 0.221000 8.632941 6.000000
1.900000 0.156000 6.310621 5.000000
1.900000 0.110000 6.120453 5.000000
1.900000 0.138000 7.288207 5.000000
1.900000 0.300000 9.454816 6.000000
1.900000 0.152000 6.152201 5.000000
1.900000 0.190000 7.157933 5.000000
1.900000 0.306000 10.746887 7.000000
1.900000 0.300000 6.433450 5.000000
1.900000 0.319000 10.806509 7.000000
1.900000 0.131000 6.249201 5.000000
1.900000 0.226000 5.925797 5.000000
1.900000 0.118000 6.592467 5.000000
1.900000 0.118000 6.246690 5.000000
1.900000 0.234000 6.457258 5.000000
1.900000 0.288000 7.398982 5.000000
1.900000 0.182000 9.679763 7.000000
2.000000 0.115000 6.637837 5.000000
2.000000 0.316000 9.720353 6.000000
2.000000 0.414000 10.950813 7.000000
2.000000 0.289000 11.105865 7.000000
2.000000 0.120000 6.470494 5.000000
2.000000 0.143000 7.591130 5.000000
2.000000 0.172000 7.979269 5.000000
2.000000 0.233000 6.631822 5.000000
2.000000 0.211000 7.097472 5.000000
2.000000 0.133000 7.428761 5.000000
2.000000 0.103000 5.812373 4.000000
2.000000 0.191000 8.174404 6.000000
2.000000 0.278000 7.513049 6.000000
2.000000 0.191000 9.092439 6.000000
2.000000 0.131000 6.450915 5.000000
2.000000 0.567000 6.899064 5.000000
2.000000 0.280000 6.848519 5.000000
2.000000 0.190000 6.311645 5.000000
2.000000 0.116000 6.495170 5.000000
2.000000 0.270000 8.745427 6.000000
2.000000 0.588000 6.959244 5.000000
2.000000 0.267000 10.050095 7.000000
2.000000 0.280000 11.824683 7.000000
2.000000 0.312000 7.751994 5.000000
2.000000 0.227000 6.190207 5.000000
2.000000 0.180000 7.072430 5.000000
2.000000 0.395000 7.628171 5.000000
2.000000 0.119000 6.386826 5.000000
2.000000 0.149000 7.359521 5.000000
2.000000 0.180000 7.744717 5.000000
2.100000 0.207000 9.184502 6.000000
2.100000 0.147000 7.454541 5.000000
2.100000 0.166000 8.819916 6.000000
2.100000 0.119000 6.595196 5.000000
2.100000 0.629000 7.118175 5.000000
2.100000 0.612000 12.289574 7.000000
2.100000 0.382000 7.768045 5.000000
2.100000 0.085000 4.896222 4.000000
2.100000 0.514000 7.349249 5.000000
2.100000 0.169000 9.412338 6.000000
2.100000 0.131000 5.818913 4.000000
2.100000 0.214000 8.001861 5.000000
2.100000 0.159000 7.177729 5.000000
2.100000 0.293000 10.552975 7.000000
2.100000 0.194000 6.622672 5.000000
2.100000 0.096000 5.758247 4.000000
2.100000 0.302000 12.797478 8.000000
2.100000 0.181000 7.329062 5.000000
2.100000 0.309000 9.256212 6.000000
2.100000 0.175000 5.864288 4.000000
2.100000 0.081000 5.424589 4.000000
2.100000 0.128000 7.313644 5.000000
2.100000 0.112000 6.227282 4.000000
2.100000 0.114000 6.591096 5.000000
2.100000 0.114000 6.532730 5.000000
2.100000 0.114000 5.711832 4.000000
2.100000 0.201000 11.596797 7.000000
2.100000 0.442000 9.517631 6.000000
2.100000 0.171000 6.638997 5.000000
2.100000 0.299000 7.629429 5.000000
2.200000 0.246000 6.435476 4.000000
2.200000 0.277000 7.085464 5.000000
2.200000 0.596000 9.009551 6.000000
2.200000 0.113000 6.414506 4.000000
2.200000 0.251000 10.665492 6.000000
2.200000 0.417000 9.715898 6.000000
2.200000 0.341000 8.252895 5.000000
2.200000 0.354000 12.435235 7.000000
2.200000 0.514000 8.945516 6.000000
2.200000 0.175000 9.296889 6.000000
2.200000 0.574000 10.103620 6.000000
2.200000 0.108000 6.492894 4.000000
2.200000 0.332000 11.440063 7.000000
2.200000 0.140000 6.797057 5.000000
2.200000 0.246000 7.250324 5.000000
2.200000 1.031000 6.886004 5.000000
2.200000 0.182000 8.317809 5.000000
2.200000 0.106000 5.876947 4.000000
2.200000 0.128000 6.286624 4.000000
2.200000 0.281000 9.795005 6.000000
2.200000 0.130000 6.638507 5.000000
2.200000 0.180000 6.582912 4.000000
2.200000 0.260000 6.041214 5.000000
2.200000 0.486000 7.387292 5.000000
2.200000 0.612000 10.658905 6.000000
2.200000 0.181000 8.781999 5.000000
2.200000 0.344000 10.339827 6.000000
2.200000 0.207000 7.868369 5.000000
2.200000 0.308000 7.941094 5.000000
2.200000 0.304000 7.380748 5.000000
2.300000 0.121000 6.440557 4.000000
2.300000 0.172000 8.977552 5.000000
2.300000 0.448000 6.793001 4.000000
2.300000 0.148000 7.537883 5.000000
2.300000 0.116000 6.799027 4.000000
2.300000 0.103000 6.138639 4.000000
2.300000 0.817000 11.830483 7.000000
2.300000 0.104000 6.147832 4.000000
2.300000 0.233000 6.766599 4.000000
2.300000 0.151000 8.336867 5.000000
2.300000 0.241000 9.089688 5.000000
2.300000 0.143000 6.730692 4.000000
2.300000 0.177000 7.742182 5.000000
2.300000 0.139000 7.316028 5.000000
2.300000 0.140000 8.244560 5.000000
2.300000 0.148000 7.724305 5.000000
2.300000 0.859000 15.742541 8.000000
2.300000 0.115000 6.519989 4.000000
2.300000 0.127000 8.299729 5.000000
2.300000 0.186000 7.130985 5.000000
2.300000 0.205000 11.202509 6.000000
2.300000 0.108000 6.566357 4.000000
2.300000 0.481000 10.157328 6.000000
2.300000 0.203000 8.684630 5.000000
2.300000 0.114000 7.754424 5.000000
2.300000 0.203000 8.581368 5.000000
2.300000 0.452000 15.142813 8.000000
2.300000 0.260000 8.473022 5.000000
2.300000 0.319000 12.478664 7.000000
2.300000 0.392000 9.556969 6.000000
2.400000 0.171000 6.894600 4.000000
2.400000 0.119000 6.743915 4.000000
2.400000 0.448000 11.122036 6.000000
2.400000 0.332000 8.265578 5.000000
2.400000 0.286000 8.792015 5.000000
2.400000 0.338000 10.010660 6.000000
2.400000 0.284000 6.619317 4.000000
2.400000 0.119000 7.054954 4.000000
2.400000 0.115000 6.436358 4.000000
2.400000 0.574000 10.581745 6.000000
2.400000 0.264000 10.786519 6.000000
2.400000 0.108000 6.210224 4.000000
2.400000 0.121000 6.884631 4.000000
2.400000 0.293000 8.180031 5.000000
2.400000 0.196000 6.960688 4.000000
2.400000 0.203000 10.441040 6.000000
2.400000 0.247000 6.742365 4.000000
2.400000 0.315000 7.763989 5.000000
2.400000 0.328000 10.589315 6.000000
2.400000 0.172000 6.755166 4.000000
2.400000 0.248000 7.362289 5.000000
2.400000 0.357000 7.034891 5.000000
2.400000 0.119000 6.794951 4.000000
2.400000 0.378000 8.463884 5.000000
2.400000 0.262000 8.164786 5.000000
2.400000 0.115000 6.681644 4.000000
2.400000 0.217000 8.148542 5.000000
2.400000 0.203000 6.455804 4.000000
2.400000 0.161000 6.739654 4.000000
2.400000 0.166000 8.021143 5.000000
2.500000 0.344000 10.483840 6.000000
2.500000 0.222000 7.289963 4.000000
2.500000 0.349000 7.430930 4.000000
2.500000 0.350000 8.546203 5.000000
2.500000 0.178000 9.559872 5.000000
2.500000 0.170000 7.142377 4.000000
2.500000 0.335000 10.252009 6.000000
2.500000 0.175000 9.460123 5.000000
2.500000 0.132000 7.110402 4.000000
2.500000 0.095000 5.084414 4.000000
2.500000 0.253000 11.148427 6.000000
2.500000 0.202000 8.925100 5.000000
2.500000 0.145000 7.189922 4.000000
2.500000 0.127000 6.848783 4.000000
2.500000 0.126000 7.020826 4.000000
2.500000 0.221000 7.636371 5.000000
2.500000 0.273000 13.323439 7.000000
2.500000 0.280000 12.300301 6.000000
2.500000 0.382000 15.505299 8.000000
2.500000 0.307000 9.743925 5.000000
2.500000 0.465000 7.407414 4.000000
2.500000 0.122000 7.047077 4.000000
2.500000 0.600000 9.470133 5.000000
2.500000 0.382000 10.382724 6.000000
2.500000 0.179000 8.151885 5.000000
2.500000 0.101000 6.312048 4.000000
2.500000 0.255000 7.710909 5.000000
2.500000 0.145000 7.062386 5.000000
2.500000 0.268000 6.961318 4.000000
2.500000 0.395000 11.624993 6.000000
2.600000 0.123000 6.979501 4.000000
2.600000 0.153000 8.195582 5.000000
2.600000 0.360000 8.255203 5.000000
2.600000 0.274000 8.860954 5.000000
2.600000 0.363000 9.564844 5.000000
2.600000 0.332000 7.731285 4.000000
2.600000 0.270000 10.944711 6.000000
2.600000 0.199000 7.904378 5.000000
2.600000 0.162000 9.214651 5.000000
2.600000 0.139000 7.334267 4.000000
2.600000 0.479000 10.379733 5.000000
2.600000 0.243000 9.261375 5.000000
2.600000 0.140000 7.389556 4.000000
2.600000 0.313000 11.969360 7.000000
2.600000 0.182000 7.055023 4.000000
2.600000 0.144000 7.072886 4.000000
2.600000 0.120000 7.317984 4.000000
2.600000 0.115000 6.995847 4.000000
2.600000 0.134000 8.157900 5.000000
2.600000 0.413000 10.956091 6.000000
2.600000 0.122000 7.266503 4.000000
2.600000 0.274000 8.023189 5.000000
2.600000 0.429000 12.654813 6.000000
2.600000 0.644000 11.618467 6.000000
2.600000 0.754000 8.786253 5.000000
2.600000 0.477000 8.405831 5.000000
2.600000 0.209000 7.506824 4.000000
2.600000 0.260000 8.108356 5.000000
2.600000 0.110000 7.279477 4.000000
2.600000 0.510000 13.773582 7.000000
2.700000 0.105000 5.718760 4.000000
2.700000 0.167000 8.624067 5.000000
2.700000 0.303000 7.381008 4.000000
2.700000 0.283000 9.884795 6.000000
2.700000 0.129000 7.118593 4.000000
2.700000 0.147000 8.863846 5.000000
2.700000 0.212000 6.576950 4.000000
2.700000 0.177000 9.529390 5.000000
2.700000 0.196000 8.304765 5.000000
2.700000 0.624000 8.412013 5.000000
2.700000 0.199000 9.030728 5.000000
2.700000 0.135000 7.480983 4.000000
2.700000 0.358000 8.920603 5.000000
2.700000 0.411000 8.889313 5.000000
2.700000 0.179000 7.453711 4.000000
2.700000 0.093000 6.341790 4.000000
2.700000 0.235000 11.086069 6.000000
2.700000 0.385000 12.023799 6.000000
2.700000 0.681000 14.277841 7.000000
2.700000 0.438000 7.084039 4.000000
2.700000 0.603000 8.442158 5.000000
2.700000 0.235000 9.259823 5.000000
2.700000 0.235000 8.677574 5.000000
2.700000 0.102000 6.749799 4.000000
2.700000 0.142000 7.644184 4.000000
2.700000 0.103000 6.650614 4.000000
2.700000 0.205000 9.430748 5.000000
2.700000 0.129000 7.424195 4.000000
2.700000 0.128000 7.682278 4.000000
2.700000 0.176000 6.587171 4.000000
2.800000 0.282000 8.276594 4.000000
2.800000 0.399000 8.868944 5.000000
2.800000 0.707000 13.768062 6.000000
2.800000 0.360000 7.308593 4.000000
2.800000 0.321000 5.548213 3.000000
2.800000 0.165000 10.252513 5.000000
2.800000 0.178000 8.835581 5.000000
2.800000 0.351000 13.144560 6.000000
2.800000 0.135000 7.562549 4.000000
2.800000 0.125000 7.458042 4.000000
2.800000 0.122000 6.137364 4.000000
2.800000 0.124000 7.141361 4.000000
2.800000 0.359000 11.278613 6.000000
2.800000 0.389000 10.728200 5.000000
2.800000 0.137000 7.231548 4.000000
2.800000 0.135000 8.562011 5.000000
2.800000 0.573000 9.616417 5.000000
2.800000 0.160000 8.183906 4.000000
2.800000 0.125000 7.241297 4.000000
2.800000 0.129000 7.806340 4.000000
2.800000 0.194000 7.388113 4.000000
2.800000 0.570000 11.918717 6.000000
2.800000 0.149000 8.081462 4.000000
2.800000 0.203000 10.273395 5.000000
2.800000 0.144000 9.125616 5.000000
2.800000 0.387000 7.417893 4.000000
2.800000 0.208000 11.543793 6.000000
2.800000 0.332000 9.063622 5.000000
2.800000 0.287000 11.670405 6.000000
2.800000 0.190000 9.866104 5.000000
2.900000 0.212000 9.745575 5.000000
2.900000 0.121000 7.794768 4.000000
2.900000 0.272000 11.644644 6.000000
2.900000 0.201000 7.795996 4.000000
2.900000 0.287000 7.477088 4.000000
2.900000 0.116000 6.795535 4.000000
2.900000 0.084000 6.069772 4.000000
2.900000 0.402000 11.710744 6.000000
2.900000 0.250000 9.266686 5.000000
2.900000 0.464000 11.451075 5.000000
2.900000 0.208000 7.787695 4.000000
2.900000 0.338000 9.064021 5.000000
2.900000 0.286000 12.396680 6.000000
2.900000 0.186000 7.972547 4.000000
2.900000 0.345000 9.720054 5.000000
2.900000 0.406000 12.619487 6.000000
2.900000 0.313000 14.971628 7.000000
2.900000 0.501000 15.124022 7.000000
2.900000 0.221000 10.689145 5.000000
2.900000 0.502000 7.716944 4.000000
2.900000 0.489000 14.087980 6.000000
2.900000 0.180000 9.419667 5.000000
2.900000 0.129000 6.992487 4.000000
2.900000 0.129000 7.709823 4.000000
2.900000 0.278000 15.226636 7.000000
2.900000 0.211000 9.316304 5.000000
2.900000 0.206000 8.419395 4.000000
2.900000 0.618000 16.918437 7.000000
2.900000 0.310000 9.354836 5.000000
2.900000 0.099000 6.559552 4.000000
3.000000 0.393000 7.603911 4.000000
3.000000 0.169000 7.285447 4.000000
3.000000 0.196000 10.032567 5.000000
3.000000 0.580000 12.914836 6.000000
3.000000 0.186000 7.384884 4.000000
3.000000 0.126000 8.047289 4.000000
3.000000 0.177000 8.059432 4.000000
3.000000 0.626000 11.995417 5.000000
3.000000 0.168000 10.144846 5.000000
3.000000 0.158000 9.516520 5.000000
3.000000 0.260000 8.313341 4.000000
3.000000 0.111000 7.555121 4.000000
3.000000 0.545000 8.993580 5.000000
3.000000 0.255000 7.173858 4.000000
3.000000 0.137000 7.930002 4.000000
3.000000 0.215000 7.325687 5.000000
3.000000 0.108000 7.249758 4.000000
3.000000 0.352000 9.763465 5.000000
3.000000 0.142000 8.163890 4.000000
3.000000 0.308000 10.765899 5.000000
3.000000 0.395000 16.394866 7.000000
3.000000 0.458000 13.194937 6.000000
3.000000 0.556000 12.717315 6.000000
3.000000 0.655000 11.738406 6.000000
3.000000 0.626000 14.807938 7.000000
3.000000 0.370000 9.267357 5.000000
3.000000 0.650000 10.291616 5.000000
3.000000 0.416000 5.763093 4.000000
3.000000 0.117000 7.173034 4.000000
3.000000 0.107000 7.180280 4.000000
3.100000 0.250000 10.507304 5.000000
3.100000 0.191000 6.488211 4.000000
3.100000 0.466000 6.583988 4.000000
3.100000 0.384000 10.493950 5.000000
3.100000 0.083000 6.413596 4.000000
3.100000 0.172000 7.972763 4.000000
3.100000 0.324000 13.791574 6.000000
3.100000 0.233000 11.523596 6.000000
3.100000 0.497000 11.185394 5.000000
3.100000 0.085000 5.336408 3.000000
3.100000 0.208000 10.032839 5.000000
3.100000 0.417000 12.518924 6.000000
3.100000 0.363000 9.803340 5.000000
3.100000 0.433000 8.676394 5.000000
3.100000 0.350000 9.479412 5.000000
3.100000 0.113000 7.506769 4.000000
3.100000 0.433000 12.516220 6.000000
3.100000 0.125000 7.308102 4.000000
3.100000 0.141000 7.725867 4.000000
3.100000 0.097000 5.445457 3.000000
3.100000 0.166000 7.742592 4.000000
3.100000 0.253000 11.944845 6.000000
3.100000 0.120000 7.394044 4.000000
3.100000 0.170000 9.745073 5.000000
3.100000 0.490000 5.774444 3.000000
3.100000 0.302000 13.338249 6.000000
3.100000 0.331000 8.629953 4.000000
3.100000 0.135000 7.716126 4.000000
3.100000 0.512000 13.289092 6.000000
3.100000 0.342000 5.752402 3.000000
3.200000 0.424000 9.966679 5.000000
3.200000 0.524000 9.100890 4.000000
3.200000 0.291000 11.234263 5.000000
3.200000 0.542000 7.966205 4.000000
3.200000 0.183000 9.213222 4.000000
3.200000 0.357000 12.779238 6.000000
3.200000 0.154000 8.361346 4.000000
3.200000 0.482000 9.519592 4.000000
3.200000 1.022000 9.536530 4.000000
3.200000 0.120000 7.441923 4.000000
3.200000 0.518000 12.318645 5.000000
3.200000 0.276000 10.828410 5.000000
3.200000 0.365000 8.200009 4.000000
3.200000 0.135000 8.100324 4.000000
3.200000 0.153000 8.184065 4.000000
3.200000 0.631000 15.696290 6.000000
3.200000 0.160000 8.221893 4.000000
3.200000 0.185000 8.820819 4.000000
3.200000 0.509000 7.229281 4.000000
3.200000 0.208000 6.003176 4.000000
3.200000 0.116000 7.181784 4.000000
3.200000 0.186000 7.321297 4.000000
3.200000 0.224000 7.842007 4.000000
3.200000 0.662000 10.272700 5.000000
3.200000 0.169000 9.816640 5.000000
3.200000 0.203000 10.167650 5.000000
3.200000 0.486000 12.846225 6.000000
3.200000 0.420000 9.658214 5.000000
3.200000 0.178000 5.938481 3.000000
3.200000 0.358000 10.715941 5.000000
3.300000 0.275000 9.481012 4.000000
3.300000 0.245000 7.396482 4.000000
3.300000 0.308000 10.092570 5.000000
3.300000 0.303000 8.220180 4.000000
3.300000 0.359000 9.559569 4.000000
3.300000 0.180000 8.346974 4.000000
3.300000 0.279000 7.655562 4.000000
3.300000 0.175000 9.639539 4.000000
3.300000 0.179000 10.590124 5.000000
3.300000 0.206000 9.555479 4.000000
3.300000 0.211000 8.488851 4.000000
3.300000 0.343000 13.232082 6.000000
3.300000 0.180000 9.345957 5.000000
3.300000 0.303000 8.369079 4.000000
3.300000 0.224000 10.150360 5.000000
3.300000 0.181000 10.939227 5.000000
3.300000 0.219000 12.964138 5.000000
3.300000 0.106000 7.098965 4.000000
3.300000 0.162000 8.381099 4.000000
3.300000 0.188000 9.164166 4.000000
3.300000 0.230000 8.566278 4.000000
3.300000 0.196000 9.559286 5.000000
3.300000 0.156000 5.297650 3.000000
3.300000 0.189000 10.058627 5.000000
3.300000 0.148000 8.114521 4.000000
3.300000 0.328000 5.075869 3.000000
3.300000 0.155000 8.504739 4.000000
3.300000 0.109000 6.363489 4.000000
3.300000 0.447000 10.581118 5.000000
3.300000 0.316000 10.540264 5.000000
3.400000 0.149000 8.516256 4.000000
3.400000 0.387000 13.079746 6.000000
3.400000 0.343000 9.747263 4.000000
3.400000 0.230000 11.827557 5.000000
3.400000 0.223000 9.190845 4.000000
3.400000 0.566000 6.658313 4.000000
3.400000 0.108000 6.356642 3.000000
3.400000 0.400000 13.423988 6.000000
3.400000 0.243000 5.560791 3.000000
3.400000 0.152000 9.007850 4.000000
3.400000 0.150000 8.986014 4.000000
3.400000 0.318000 15.276461 6.000000
3.400000 0.087000 5.482792 3.000000
3.400000 0.216000 11.199825 5.000000
3.400000 0.142000 8.672003 4.000000
3.400000 0.184000 11.203933 5.000000
3.400000 0.204000 9.686259 4.000000
3.400000 0.106000 6.356234 3.000000
3.400000 0.109000 7.132959 4.000000
3.400000 0.344000 11.771531 5.000000
3.400000 0.199000 9.211913 5.000000
3.400000 0.396000 11.578173 5.000000
3.400000 0.438000 14.875357 6.000000
3.400000 0.238000 11.437523 5.000000
3.400000 0.222000 8.782278 4.000000
3.400000 0.293000 10.946263 5.000000
3.400000 0.151000 8.316835 4.000000
3.400000 0.233000 10.779240 5.000000
3.400000 0.447000 10.178297 4.000000
3.400000 0.127000 7.901946 4.000000
3.500000 0.193000 7.843421 4.000000
3.500000 0.242000 11.527088 5.000000
3.500000 0.127000 6.755532 4.000000
3.500000 0.153000 9.648654 4.000000
3.500000 0.176000 6.771468 3.000000
3.500000 0.216000 10.171802 5.000000
3.500000 0.289000 10.526837 5.000000
3.500000 0.096000 6.427738 3.000000
3.500000 0.165000 5.946094 3.000000
3.500000 0.157000 8.689129 4.000000
3.500000 0.263000 11.010701 5.000000
3.500000 0.245000 11.308416 5.000000
3.500000 0.118000 6.398628 4.000000
3.500000 0.221000 9.783385 5.000000
3.500000 0.618000 13.365038 5.000000
3.500000 0.644000 17.069435 6.000000
3.500000 0.346000 10.441350 5.000000
3.500000 0.177000 8.129501 4.000000
3.500000 0.111000 8.091489 4.000000
3.500000 0.334000 11.352451 5.000000
3.500000 0.293000 9.798040 4.000000
3.500000 0.707000 14.518727 6.000000
3.500000 0.510000 17.565759 7.000000
3.500000 0.106000 6.562254 4.000000
3.500000 0.577000 11.496745 5.000000
3.500000 0.494000 15.426923 6.000000
3.500000 0.141000 8.696671 4.000000
3.500000 0.704000 10.180146 4.000000
3.500000 0.414000 18.336106 7.000000
3.500000 0.286000 9.421859 4.000000
3.600000 0.470000 14.294259 6.000000
3.600000 0.119000 7.107202 3.000000
3.600000 0.120000 7.175101 4.000000
3.600000 0.293000 8.186396 4.000000
3.600000 0.149000 9.046595 4.000000
3.600000 0.356000 10.847776 5.000000
3.600000 0.125000 5.937904 3.000000
3.600000 0.155000 8.180951 4.000000
3.600000 0.245000 8.959209 4.000000
3.600000 0.100000 6.498050 3.000000
3.600000 0.409000 8.044657 4.000000
3.600000 0.130000 7.770364 4.000000
3.600000 0.211000 12.043065 5.000000
3.600000 0.374000 10.002995 4.000000
3.600000 0.151000 9.210554 4.000000
3.600000 0.176000 9.449583 4.000000
3.600000 0.299000 12.937607 5.000000
3.600000 0.317000 8.876998 4.000000
3.600000 0.282000 10.878765 5.000000
3.600000 0.327000 9.944619 5.000000
3.600000 0.317000 8.667917 4.000000
3.600000 0.306000 8.832102 4.000000
3.600000 0.257000 11.016829 5.000000
3.600000 0.350000 12.314065 5.000000
3.600000 0.230000 8.604619 4.000000
3.600000 0.379000 11.277278 5.000000
3.600000 0.264000 8.082617 4.000000
3.600000 0.806000 14.156152 6.000000
3.600000 0.108000 6.514245 3.000000
3.600000 0.280000 11.510320 5.000000
3.700000 0.565000 11.765809 5.000000
3.700000 0.193000 7.999673 4.000000
3.700000 0.216000 8.737306 4.000000
3.700000 0.505000 13.762460 6.000000
3.700000 0.222000 8.825644 4.000000
3.700000 0.363000 5.859511 3.000000
3.700000 0.501000 19.398957 7.000000
3.700000 0.441000 8.429726 4.000000
3.700000 0.109000 6.903687 3.000000
3.700000 0.208000 8.280393 4.000000
3.700000 0.085000 7.448465 4.000000
3.700000 0.193000 8.324725 4.000000
3.700000 0.330000 13.797009 5.000000
3.700000 0.122000 8.898438 4.000000
3.700000 0.176000 11.012419 5.000000
3.700000 0.248000 7.640901 4.000000
3.700000 0.202000 10.528624 5.000000
3.700000 0.183000 9.920473 4.000000
3.700000 0.421000 9.632969 4.000000
3.700000 0.323000 6.607300 3.000000
3.700000 0.215000 12.231412 5.000000
3.700000 0.323000 14.550536 6.000000
3.700000 0.293000 14.200433 5.000000
3.700000 0.390000 15.138835 6.000000
3.700000 0.427000 16.767113 6.000000
3.700000 0.261000 5.486496 3.000000
3.700000 0.146000 8.775001 4.000000
3.700000 0.262000 11.660023 5.000000
3.700000 0.814000 16.961576 6.000000
3.700000 0.132000 9.048736 4.000000
3.800000 0.239000 12.677783 5.000000
3.800000 0.250000 9.762573 5.000000
3.800000 0.278000 10.439737 4.000000
3.800000 0.138000 9.063692 4.000000
3.800000 0.194000 8.401541 4.000000
3.800000 0.135000 5.891622 3.000000
3.800000 0.161000 9.048478 4.000000
3.800000 0.309000 15.971997 6.000000
3.800000 0.327000 13.058417 5.000000
3.800000 0.448000 13.234880 5.000000
3.800000 0.264000 9.386191 4.000000
3.800000 0.280000 13.605710 5.000000
3.800000 0.419000 6.975768 4.000000
3.800000 0.164000 10.853916 4.000000
3.800000 0.100000 6.958278 3.000000
3.800000 0.444000 7.284409 3.000000
3.800000 0.236000 6.989414 3.000000
3.800000 0.367000 10.350952 5.000000
3.800000 0.280000 14.816500 5.000000
3.800000 0.175000 6.586756 3.000000
3.800000 0.519000 9.106325 4.000000
3.800000 0.238000 10.227717 4.000000
3.800000 0.186000 12.244459 5.000000
3.800000 0.297000 15.937767 6.000000
3.800000 0.354000 9.080663 4.000000
3.800000 0.175000 10.509580 4.000000
3.800000 0.327000 12.082252 5.000000
3.800000 0.436000 10.376627 4.000000
3.800000 0.106000 7.722089 4.000000
3.800000 0.140000 8.806631 4.000000
3.900000 0.642000 12.585501 5.000000
3.900000 0.141000 9.411514 4.000000
3.900000 0.169000 8.464747 4.000000
3.900000 0.412000 12.053553 5.000000
3.900000 0.411000 7.496147 4.000000
3.900000 0.175000 9.631774 4.000000
3.900000 0.307000 12.476905 5.000000
3.900000 0.306000 9.354621 4.000000
3.900000 0.304000 9.290710 4.000000
3.900000 0.525000 16.309669 6.000000
3.900000 0.113000 7.000115 3.000000
3.900000 0.345000 9.928403 4.000000
3.900000 0.143000 9.506417 4.000000
3.900000 0.117000 6.608527 3.000000
3.900000 0.153000 8.500871 4.000000
3.900000 0.629000 11.652777 5.000000
3.900000 0.599000 9.210159 5.000000
3.900000 0.146000 9.165272 4.000000
3.900000 0.114000 7.145927 3.000000
3.900000 0.214000 12.872560 5.000000
3.900000 0.355000 14.181730 6.000000
3.900000 0.322000 5.409818 3.000000
3.900000 0.117000 6.645920 3.000000
3.900000 0.309000 6.835267 4.000000
3.900000 0.214000 9.806038 4.000000
3.900000 0.667000 19.322155 7.000000
3.900000 0.105000 7.149218 3.000000
3.900000 0.158000 9.627954 4.000000
3.900000 0.218000 9.379695 4.000000
3.900000 0.579000 11.251624 4.000000
4.000000 0.136000 9.147547 4.000000
4.000000 0.347000 14.319657 6.000000
4.000000 0.201000 7.450606 4.000000
4.000000 0.248000 12.847738 5.000000
4.000000 0.227000 8.465676 4.000000
4.000000 0.778000 15.884495 6.000000
4.000000 0.330000 10.388957 4.000000
4.000000 0.121000 7.293381 3.000000
4.000000 0.346000 11.734642 4.000000
4.000000 0.162000 8.040950 4.000000
4.000000 0.429000 19.151005 7.000000
4.000000 0.221000 8.852052 4.000000
4.000000 0.612000 12.339589 5.000000
4.000000 0.159000 9.213614 4.000000
4.000000 0.742000 15.271009 6.000000
4.000000 0.404000 13.732428 5.000000
4.000000 0.188000 6.973491 3.000000
4.000000 0.129000 8.358794 4.000000
4.000000 0.239000 11.286437 4.000000
4.000000 0.616000 10.391679 5.000000
4.000000 0.258000 10.841398 5.000000
4.000000 0.179000 11.178703 4.000000
4.000000 0.196000 8.548649 4.000000
4.000000 0.284000 6.321228 3.000000
4.000000 0.815000 12.578941 5.000000
4.000000 0.145000 8.736105 4.000000
4.000000 0.205000 9.672726 4.000000
4.000000 0.110000 8.082512 4.000000
4.000000 0.316000 18.665250 7.000000
4.000000 0.279000 9.314762 4.000000
